1100
1 1 1 1 1 1 1 1 1
1 2 3 4 5 6 7 8 9
2 4 6 8 10 12 14 16 29
2 4 6 8 10 12 14 17 17
1 1 1 1 1 1 1 1 100
1 1 1 1 2 2 2 2 20
2 2 2 2 1 1 1 1 20
1 2 1 2 1 2 1 2 20
2 1 2 1 2 1 2 1 20
1 1 2 2 1 1 2 2 20
2 2 1 1 2 2 1 1 20
1 2 2 1 2 2 1 1 20
2 2 1 1 2 1 2 1 20
1 2 1 2 2 2 1 1 20
5 6 7 8 9 10 11 12 4
2 2 2 2 2 2 2 2 100
5 10 15 20 25 30 35 40 50
2 3 5 7 11 13 17 19 100
2 3 5 7 11 13 17 19 75
2 3 5 7 11 13 17 19 50
2 3 5 7 11 13 17 19 25
2 3 5 7 11 13 17 19 10
2 3 5 7 11 13 17 19 6
1 1 1 1 1 1 2 3 100
1 1 1 1 1 1 2 3 99
1 1 1 1 1 1 1 1 2
1 1 1 1 1 1 1 1 3
1 1 1 1 1 1 1 1 4
1 1 1 1 1 1 1 1 5
1 1 1 1 1 1 1 1 6
1 1 1 1 1 1 1 1 7
1 1 1 1 1 1 1 1 8
1 1 1 1 1 1 1 1 9
1 1 1 1 1 1 1 1 10
1 1 1 1 1 1 1 1 11
1 1 1 1 1 1 1 1 12
1 1 1 1 1 1 1 1 13
1 1 1 1 1 1 1 1 14
1 1 1 1 1 1 1 1 15
1 1 1 1 1 1 1 1 16
1 1 1 1 1 1 1 1 17
1 1 1 1 1 1 1 1 18
1 1 1 1 1 1 1 1 19
1 1 1 1 1 1 1 1 20
1 1 1 1 1 1 1 1 21
1 1 1 1 1 1 1 1 22
1 1 1 1 1 1 1 1 23
1 1 1 1 1 1 1 1 24
1 1 1 1 1 1 1 1 25
1 1 1 1 1 1 1 1 26
1 1 1 1 1 1 1 1 27
1 1 1 1 1 1 1 1 28
1 1 1 1 1 1 1 1 29
1 1 1 1 1 1 1 1 30
1 1 1 1 1 1 1 1 31
1 1 1 1 1 1 1 1 32
1 1 1 1 1 1 1 1 33
1 1 1 1 1 1 1 1 34
1 1 1 1 1 1 1 1 35
1 1 1 1 1 1 1 1 36
1 1 1 1 1 1 1 1 37
1 1 1 1 1 1 1 1 38
1 1 1 1 1 1 1 1 39
1 1 1 1 1 1 1 1 40
1 1 1 1 1 1 1 1 41
1 1 1 1 1 1 1 1 42
1 1 1 1 1 1 1 1 43
1 1 1 1 1 1 1 1 44
1 1 1 1 1 1 1 1 45
1 1 1 1 1 1 1 1 46
1 1 1 1 1 1 1 1 47
1 1 1 1 1 1 1 1 48
1 1 1 1 1 1 1 1 49
1 1 1 1 1 1 1 1 50
1 1 1 1 1 1 1 1 51
1 1 1 1 1 1 1 1 52
1 1 1 1 1 1 1 1 53
1 1 1 1 1 1 1 1 54
1 1 1 1 1 1 1 1 55
1 1 1 1 1 1 1 1 56
1 1 1 1 1 1 1 1 57
1 1 1 1 1 1 1 1 58
1 1 1 1 1 1 1 1 59
1 1 1 1 1 1 1 1 60
1 1 1 1 1 1 1 1 61
1 1 1 1 1 1 1 1 62
1 1 1 1 1 1 1 1 63
1 1 1 1 1 1 1 1 64
1 1 1 1 1 1 1 1 65
1 1 1 1 1 1 1 1 66
1 1 1 1 1 1 1 1 67
1 1 1 1 1 1 1 1 68
1 1 1 1 1 1 1 1 69
1 1 1 1 1 1 1 1 70
1 1 1 1 1 1 1 1 71
1 1 1 1 1 1 1 1 72
1 1 1 1 1 1 1 1 73
1 1 1 1 1 1 1 1 74
1 1 1 1 1 1 1 1 75
1 1 1 1 1 1 1 1 76
1 1 1 1 1 1 1 1 77
1 1 1 1 1 1 1 1 78
1 1 1 1 1 1 1 1 79
1 1 1 1 1 1 1 1 80
1 1 1 1 1 1 1 1 81
1 1 1 1 1 1 1 1 82
1 1 1 1 1 1 1 1 83
1 1 1 1 1 1 1 1 84
1 1 1 1 1 1 1 1 85
1 1 1 1 1 1 1 1 86
1 1 1 1 1 1 1 1 87
1 1 1 1 1 1 1 1 88
1 1 1 1 1 1 1 1 89
1 1 1 1 1 1 1 1 90
1 1 1 1 1 1 1 1 91
1 1 1 1 1 1 1 1 92
1 1 1 1 1 1 1 1 93
1 1 1 1 1 1 1 1 94
1 1 1 1 1 1 1 1 95
1 1 1 1 1 1 1 1 96
1 1 1 1 1 1 1 1 97
1 1 1 1 1 1 1 1 98
1 1 1 1 1 1 1 1 99
100 100 100 100 100 100 100 100 1
100 100 100 100 100 100 100 100 99
100 100 100 100 100 100 100 100 100
4 21 82 23 94 80 69 57 55
95 61 73 82 99 55 58 57 88
98 36 100 92 8 65 6 24 43
87 67 33 48 56 12 67 20 39
22 54 52 33 66 2 39 52 5
29 42 93 64 61 35 76 31 12
91 29 8 58 63 66 87 61 74
75 4 12 22 64 61 84 68 33
83 61 85 48 60 64 96 97 87
58 54 46 15 40 49 99 29 47
21 84 98 44 17 78 18 16 35
76 60 85 66 62 42 32 28 1
51 39 12 83 48 97 38 94 89
6 4 4 83 5 93 49 43 4
4 40 32 54 27 33 2 77 5
12 51 91 31 16 23 91 35 82
13 96 43 69 20 81 33 59 100
13 72 41 11 60 76 46 36 47
14 6 27 84 31 50 61 65 42
79 60 71 17 99 84 12 89 37
53 66 67 93 93 55 60 9 37
45 36 47 12 47 68 62 28 55
61 97 58 48 13 87 28 99 9
13 70 17 76 7 71 27 64 30
58 35 91 55 61 9 5 63 49
86 49 51 56 93 94 24 44 10
61 100 21 59 80 65 23 19 9
75 50 90 9 48 83 73 60 68
52 3 39 92 39 68 74 99 55
34 28 24 5 48 44 15 55 20
54 19 71 41 31 21 79 11 69
6 28 72 95 52 81 31 10 3
34 32 86 40 94 58 12 32 99
61 60 38 45 81 18 18 82 29
41 41 13 64 38 22 77 9 36
48 73 89 45 3 42 63 93 69
45 78 57 61 35 35 32 34 59
14 29 34 80 5 57 15 65 63
5 88 17 56 36 54 95 22 33
17 95 57 47 70 35 69 8 66
93 84 12 8 34 91 3 36 85
17 3 20 10 35 73 53 14 20
33 95 79 73 41 60 92 54 24
78 12 83 97 100 93 61 56 18
29 65 19 56 52 47 5 78 80
97 16 45 90 67 53 24 90 55
42 14 67 9 12 19 40 41 55
38 91 38 80 86 33 63 74 41
91 29 16 94 44 64 83 99 43
11 19 31 55 90 48 31 43 43
4 60 88 22 8 93 23 22 8
6 65 17 76 40 76 96 41 89
41 68 53 76 99 85 51 50 63
48 23 84 35 84 30 5 4 70
5 44 49 79 45 84 29 88 88
68 57 52 87 61 24 21 47 3
87 36 13 95 9 45 30 100 20
8 64 6 47 57 17 16 65 15
38 66 62 55 35 74 84 89 10
48 64 23 61 49 71 42 1 12
18 71 73 60 42 15 57 11 97
52 50 17 14 75 27 38 75 98
44 29 42 6 66 64 33 67 66
37 67 9 44 12 57 24 30 32
78 24 45 24 55 58 72 78 74
54 64 62 9 9 49 10 67 17
27 47 32 40 75 100 15 42 77
2 30 23 43 67 94 64 97 57
100 55 73 99 59 70 85 4 67
49 67 64 51 96 53 71 24 79
92 49 35 89 39 24 70 96 37
81 66 79 23 2 16 96 15 53
38 53 98 39 5 49 21 12 26
31 5 22 14 6 88 89 39 54
32 13 32 72 91 47 96 33 73
75 32 72 38 88 52 32 68 78
32 53 57 33 56 16 33 38 9
91 72 87 23 4 67 32 28 98
26 77 67 33 54 44 39 31 4
83 83 11 30 55 27 38 12 4
1 69 79 13 89 74 68 20 26
84 69 27 87 58 98 54 75 89
37 37 54 9 71 27 4 33 35
65 43 95 38 88 72 80 94 17
83 61 51 72 54 18 52 45 1
41 50 15 31 99 25 62 24 75
23 71 99 76 29 60 19 36 54
50 35 71 62 76 98 14 38 74
33 14 30 30 8 57 55 35 97
84 15 15 21 16 58 20 31 34
28 63 79 45 41 86 92 62 4
81 47 28 85 34 68 32 81 93
19 32 17 3 39 31 20 73 42
64 78 1 82 100 54 32 44 27
78 83 56 35 86 76 97 60 35
9 39 91 99 36 63 10 47 54
10 74 45 34 66 3 15 7 27
30 24 26 14 85 30 37 4 84
46 64 93 4 29 71 2 20 51
14 30 13 42 37 67 75 52 71
50 50 70 29 37 31 23 45 87
55 49 42 46 66 35 19 74 22
14 67 69 31 70 15 3 7 74
55 92 7 95 41 73 92 15 52
34 8 38 65 93 10 6 59 91
41 21 68 4 9 72 61 96 12
58 91 3 55 58 25 18 41 97
62 52 86 78 11 88 41 57 82
92 25 83 90 47 53 64 27 40
62 25 91 63 2 16 94 53 46
99 59 9 7 30 51 30 10 66
87 48 90 80 24 59 72 53 75
18 17 4 72 25 40 89 86 94
94 1 100 46 58 45 28 20 27
55 49 71 90 100 72 54 47 71
63 38 59 91 77 19 86 57 95
63 83 89 64 76 92 36 69 17
41 51 96 45 2 98 46 88 17
76 29 74 31 98 27 6 59 31
5 68 76 32 56 27 71 65 81
27 76 13 29 42 35 10 68 27
56 5 36 56 28 21 62 44 59
94 44 90 79 26 74 64 67 20
27 33 25 9 56 37 66 52 72
86 54 93 80 93 77 23 25 87
70 52 48 100 11 66 66 14 19
27 97 2 62 29 100 55 60 20
22 92 69 85 15 4 28 45 91
37 84 48 99 22 83 68 51 98
79 82 74 15 31 63 69 47 95
7 83 23 88 19 27 2 58 25
4 21 32 54 21 45 74 24 36
37 79 94 66 66 7 38 22 93
52 38 79 64 60 62 76 77 17
1 9 4 17 70 16 64 27 28
95 78 59 39 70 23 59 54 54
15 22 62 7 54 45 55 19 63
58 2 39 80 92 63 51 94 14
30 91 94 59 26 69 8 71 30
11 16 50 60 38 23 93 10 33
80 18 3 19 69 68 52 12 40
84 33 79 8 4 28 81 13 6
9 78 47 58 35 17 24 44 15
50 64 40 79 41 55 92 94 26
82 92 10 3 14 33 35 49 94
48 100 83 80 24 56 55 35 63
12 63 80 5 92 84 40 10 15
89 74 54 39 10 34 92 54 80
53 84 92 98 44 18 58 63 72
55 37 31 20 71 28 61 56 78
74 49 85 25 56 6 25 56 91
67 25 37 19 100 58 16 61 42
93 66 75 83 31 37 37 3 2
58 91 46 90 62 10 48 64 27
1 81 97 3 14 46 94 87 37
21 76 69 81 72 43 76 81 33
97 61 67 18 65 52 53 36 53
89 4 19 85 97 18 76 45 73
71 83 47 45 57 16 27 83 77
44 8 87 10 78 9 88 65 53
68 88 86 30 90 20 3 38 16
83 87 52 50 52 55 37 51 69
41 58 60 55 21 52 70 4 29
91 27 8 68 44 81 91 95 72
27 42 16 22 5 40 77 82 35
80 18 97 85 89 35 57 70 72
92 1 67 55 66 38 4 27 47
97 30 81 95 42 8 75 99 30
19 34 94 92 12 3 95 6 66
2 85 46 74 26 55 69 88 56
53 53 67 76 47 95 84 34 33
32 3 95 52 87 88 59 84 48
2 23 91 73 71 95 41 22 43
30 26 12 45 83 34 70 60 48
4 80 52 94 23 49 63 67 42
33 79 12 6 57 64 19 5 77
42 70 98 67 73 19 64 65 22
15 2 79 60 70 93 8 68 32
13 27 45 26 89 63 79 44 88
78 27 36 59 55 92 97 37 79
33 29 6 81 75 25 100 3 27
50 84 100 97 49 81 89 47 80
75 93 81 53 78 81 10 24 19
14 29 85 48 56 38 84 4 7
12 21 99 93 91 48 62 72 71
85 64 24 25 66 14 4 22 57
61 24 89 73 81 55 89 78 89
16 13 65 30 72 5 18 97 3
34 37 98 39 37 20 99 34 50
67 46 60 40 25 31 81 77 31
38 9 39 99 50 57 73 95 83
92 93 10 37 24 92 72 54 6
57 13 57 76 22 91 53 16 20
65 30 91 29 60 66 69 41 98
89 49 87 2 87 85 38 19 96
39 48 65 14 48 54 70 94 70
6 58 21 9 82 85 77 90 70
2 81 10 78 25 25 35 21 51
75 26 18 70 92 62 14 60 80
62 11 81 42 72 73 41 62 58
70 100 80 81 91 4 34 41 85
21 54 90 22 41 95 85 19 55
79 28 3 10 10 43 74 58 57
6 67 79 58 20 64 27 39 34
32 71 66 90 76 78 77 4 47
40 43 70 75 45 35 25 62 62
48 23 45 43 23 36 41 36 50
58 91 70 66 76 22 69 96 92
81 11 36 28 14 32 46 2 39
62 2 69 28 40 88 12 46 34
1 87 58 32 93 97 37 73 6
95 41 64 81 35 1 17 81 70
59 30 1 89 75 28 23 32 84
41 68 20 11 89 34 41 91 16
25 52 85 95 81 51 27 59 45
73 92 84 82 77 61 29 68 86
7 100 11 66 74 12 64 95 97
90 14 3 75 27 99 100 82 41
77 8 30 55 48 47 74 72 29
71 76 9 18 10 3 73 92 51
39 69 10 54 88 13 29 46 87
30 99 68 45 47 1 94 6 75
5 15 47 81 73 39 25 30 96
80 71 57 59 31 50 17 8 12
48 28 39 88 78 95 96 53 51
53 37 53 66 55 56 53 87 54
51 57 79 89 70 61 75 78 61
94 12 34 74 2 76 97 36 34
84 4 63 35 38 3 73 29 26
59 95 100 82 92 61 65 51 93
11 52 70 57 53 96 24 46 89
64 26 61 9 65 46 48 19 49
27 44 78 78 99 44 68 37 52
99 77 55 43 79 4 5 10 22
63 89 98 65 41 9 1 92 72
19 7 60 14 55 82 9 86 68
80 93 64 47 20 63 37 91 6
61 84 98 77 24 99 29 91 69
14 45 20 42 83 2 59 67 22
26 95 34 99 7 49 90 14 75
4 16 43 61 26 13 68 41 21
57 13 52 50 56 55 5 29 70
73 12 23 49 7 78 61 67 88
63 95 63 23 52 58 37 38 85
7 50 92 38 80 19 30 70 52
25 89 61 62 85 22 95 79 22
10 6 78 12 9 5 58 49 75
35 59 99 75 43 13 1 8 22
59 39 16 35 36 77 51 96 4
99 38 46 85 3 99 42 33 68
74 31 56 19 5 100 60 74 32
55 53 96 83 100 46 32 13 32
50 70 27 19 3 32 46 96 91
7 78 92 21 88 40 90 76 18
10 94 55 54 58 53 87 78 10
29 25 32 24 27 7 66 15 37
36 68 20 79 81 90 38 41 100
4 89 22 91 84 22 73 65 46
66 21 65 28 16 97 80 97 57
57 18 96 39 19 28 82 78 66
26 72 55 75 12 4 83 88 47
3 8 58 26 35 63 8 98 75
82 19 47 28 48 15 92 61 32
52 62 63 11 88 62 90 71 82
10 79 29 78 27 78 1 48 57
13 21 92 95 80 12 19 13 49
50 35 56 56 18 69 53 47 39
31 22 83 24 26 42 46 31 18
32 50 93 5 20 88 84 22 2
58 21 62 8 7 49 14 26 77
80 41 61 46 98 98 49 27 19
17 48 45 29 30 41 54 15 34
62 92 76 14 47 38 59 56 30
16 35 93 47 52 60 57 65 55
53 13 64 87 99 6 96 48 23
63 95 30 40 37 6 76 34 65
72 63 59 76 49 46 79 66 27
54 95 16 35 95 26 43 6 18
1 43 54 87 33 22 45 46 96
74 78 65 44 33 56 41 84 2
99 66 81 95 100 90 4 39 97
74 27 54 31 84 5 88 38 25
28 97 75 54 22 88 56 39 12
24 44 52 20 32 81 100 93 78
48 68 93 81 9 48 87 81 4
81 34 94 99 27 59 34 62 35
39 76 41 70 69 4 82 36 43
99 3 3 19 41 59 93 51 79
37 93 82 84 8 82 41 60 31
41 62 64 85 40 47 1 29 41
79 22 6 42 79 18 57 28 20
50 80 95 53 53 74 84 88 31
28 62 90 27 25 99 97 86 33
18 89 84 53 33 26 39 74 13
70 34 59 52 55 99 3 76 68
14 76 74 45 58 3 29 80 47
96 28 80 30 57 36 14 24 34
18 43 77 29 30 53 70 57 76
35 3 81 52 32 11 23 83 82
49 26 16 12 35 93 21 87 38
77 94 77 78 55 88 40 90 80
36 31 92 23 75 66 81 85 93
80 79 7 3 21 100 87 62 10
52 48 78 47 4 78 68 47 97
87 39 7 33 73 82 77 48 36
43 75 55 95 85 53 86 63 37
60 7 65 99 5 5 49 43 62
15 11 14 20 82 34 30 75 9
84 43 3 75 26 82 3 52 24
28 51 33 37 70 98 79 41 43
6 50 100 32 82 7 45 93 16
33 43 74 92 80 96 4 24 12
39 6 28 48 24 88 53 100 76
78 51 82 25 91 69 61 57 40
34 75 95 48 42 81 24 11 70
77 97 19 1 48 17 27 52 74
93 67 56 26 55 1 47 5 13
42 49 63 56 96 10 53 34 68
39 22 35 97 45 39 28 99 9
15 14 67 61 92 50 8 8 68
63 19 43 60 32 8 15 87 21
92 67 72 68 47 46 5 82 19
50 72 72 61 90 24 11 84 53
89 100 71 80 81 81 95 65 47
42 5 23 62 43 16 87 12 32
79 92 42 79 19 99 43 17 3
30 43 12 39 3 53 41 45 77
66 19 54 99 11 12 38 32 15
4 7 92 93 71 44 9 20 71
95 94 28 12 63 81 73 61 76
16 52 1 73 19 95 6 48 28
58 97 2 55 76 34 11 17 67
79 36 77 91 34 12 50 38 24
80 48 98 74 31 94 46 6 35
29 10 14 85 68 61 9 42 68
1 35 62 98 90 20 37 31 44
60 45 67 35 62 35 63 1 87
71 86 71 51 71 4 54 59 65
19 97 69 76 38 79 53 16 63
82 21 74 8 67 89 28 89 2
85 23 46 59 96 50 37 31 21
66 8 97 29 27 65 36 65 14
26 1 29 59 80 7 86 67 51
51 77 27 61 67 42 40 84 27
20 42 38 26 98 95 20 87 31
44 15 44 31 7 51 100 75 53
25 53 32 73 5 77 95 35 13
18 36 34 50 30 1 11 21 84
54 46 17 61 23 76 59 19 1
96 23 20 39 92 99 24 50 75
74 72 85 36 3 55 67 94 100
79 49 83 34 85 7 36 22 35
63 79 27 51 15 4 3 60 53
2 97 44 36 93 57 37 25 73
74 66 60 95 1 43 29 20 1
25 12 36 25 32 97 88 38 14
44 71 58 56 49 27 7 13 59
4 63 23 69 15 78 35 10 85
38 57 50 95 31 89 74 86 8
8 47 64 16 22 44 73 26 94
39 73 97 64 15 3 92 71 83
59 19 22 26 68 50 70 82 60
6 55 7 42 79 77 18 7 98
81 64 7 44 87 38 94 79 55
6 38 43 73 20 26 54 63 30
37 62 49 50 27 4 100 79 89
23 84 31 13 58 93 79 44 99
57 96 71 9 79 99 1 5 24
84 15 13 74 61 51 14 3 82
87 28 8 25 86 68 31 76 41
10 69 78 20 1 28 55 36 72
24 19 61 10 8 15 28 34 28
25 14 17 72 86 90 50 12 77
1 6 46 54 49 88 80 32 19
15 43 88 53 50 7 36 24 65
78 49 59 8 95 66 95 41 39
97 6 54 30 47 59 24 56 80
55 18 80 21 38 68 95 68 33
73 34 45 97 11 14 70 66 51
88 28 49 23 56 45 68 25 67
72 27 63 50 28 96 91 52 82
68 22 91 17 41 60 14 35 29
12 59 2 93 27 87 20 40 34
88 33 79 5 88 16 21 14 55
81 59 35 83 66 45 70 92 52
29 83 36 81 22 91 21 32 82
96 13 42 36 32 19 92 4 60
47 90 49 98 96 87 90 11 83
22 50 31 42 41 21 18 34 96
39 37 73 86 79 74 32 13 50
50 36 16 84 17 74 78 80 47
57 53 95 73 43 33 22 98 55
12 73 46 46 83 40 86 19 74
37 2 97 53 69 7 72 43 57
52 19 69 37 100 57 52 55 75
63 91 33 67 22 76 80 53 34
18 90 65 26 46 56 91 49 66
33 56 22 74 47 53 52 58 20
11 48 81 98 96 15 65 63 9
97 55 19 1 68 10 68 39 11
60 84 77 74 37 67 5 15 9
84 84 39 5 9 9 87 6 75
80 23 98 53 53 64 59 26 17
58 22 58 96 45 65 81 84 82
66 50 33 74 44 26 86 26 99
1 97 33 28 96 39 91 23 42
31 36 82 57 49 46 23 32 87
9 57 14 68 3 20 42 73 24
99 86 89 28 84 59 77 72 79
7 37 67 87 42 50 29 6 55
41 23 20 83 69 22 20 68 9
31 87 99 73 72 10 16 63 72
50 60 13 53 91 5 91 31 94
46 79 22 89 25 14 68 93 38
41 21 26 63 32 60 32 42 8
15 41 76 63 56 87 98 47 58
48 74 27 75 21 21 54 91 53
83 86 39 75 65 33 61 95 14
28 56 54 62 51 52 11 5 69
23 31 95 29 55 46 1 27 83
95 83 94 30 27 9 87 79 29
29 94 15 19 35 9 5 5 95
86 16 58 20 86 44 97 54 4
39 52 95 86 59 85 56 56 40
99 11 48 24 88 69 27 95 57
72 63 89 50 62 44 87 92 17
68 65 49 28 15 95 24 48 16
75 66 77 32 15 81 52 25 17
63 93 82 28 31 70 26 43 4
82 38 96 59 64 17 13 92 84
23 42 64 72 69 48 43 17 81
39 65 61 58 96 31 37 80 2
51 28 78 14 44 23 48 27 81
73 39 76 81 26 72 85 38 31
38 28 51 4 76 31 10 62 63
12 94 38 12 58 82 52 43 8
49 49 61 13 99 31 44 14 17
10 89 3 32 28 21 48 58 14
61 4 62 19 9 81 15 79 68
60 53 8 66 8 28 65 90 58
21 23 95 79 79 81 79 9 31
60 56 60 5 16 99 66 51 95
30 79 11 32 13 7 94 5 34
14 67 58 63 77 43 69 48 58
99 97 37 30 23 71 70 29 83
33 99 87 27 64 68 58 92 1
86 31 30 91 47 86 65 88 43
2 29 88 92 45 14 13 17 7
72 1 67 81 12 50 5 22 24
52 46 2 6 43 69 81 41 18
9 7 87 27 95 10 91 90 81
19 3 14 29 87 90 18 51 97
53 93 20 25 11 64 40 3 60
77 83 37 75 81 32 15 60 36
62 61 93 49 25 100 63 66 25
11 97 77 47 70 61 72 17 32
17 19 62 49 18 8 3 18 3
69 61 89 81 50 37 98 26 30
55 85 69 44 71 3 49 19 45
98 97 10 59 100 96 87 1 60
69 54 54 77 43 94 98 53 76
10 60 94 4 73 7 80 25 92
52 54 5 84 71 95 92 64 39
81 21 2 75 84 24 53 88 17
98 24 69 99 16 74 43 68 69
65 89 34 88 63 27 68 55 67
79 83 11 77 93 74 60 29 38
5 19 33 8 19 55 6 25 19
82 52 33 73 90 80 97 15 85
27 2 82 89 22 39 16 93 53
73 19 80 43 53 59 63 84 3
30 3 90 30 57 33 23 51 57
44 48 32 23 21 27 6 64 20
51 27 72 94 48 94 57 55 90
8 99 88 20 77 55 63 26 48
13 42 44 56 58 13 90 52 18
7 36 95 33 13 79 17 25 19
55 49 76 64 20 67 87 44 80
73 26 17 87 71 27 68 17 58
79 2 98 83 25 43 76 44 50
58 22 34 98 43 57 89 79 18
34 99 68 46 72 8 6 78 4
20 68 39 53 34 6 79 15 24
94 14 26 38 86 100 99 43 82
75 90 27 51 30 44 94 26 51
57 94 47 2 23 10 86 52 73
3 63 76 66 35 98 47 50 20
58 19 32 11 51 14 18 43 31
57 42 14 86 17 22 62 2 65
30 84 30 46 14 63 75 16 83
40 93 71 12 19 1 99 19 93
24 48 54 45 36 77 83 74 22
75 43 97 7 67 42 52 44 70
85 19 98 69 98 20 52 53 13
19 100 23 37 64 92 42 13 92
1 91 32 13 31 18 100 11 21
87 27 61 1 15 5 74 23 6
7 37 5 25 4 4 50 93 81
5 81 71 51 44 51 31 33 90
10 85 14 7 76 51 80 12 15
77 59 37 86 90 69 33 82 40
42 13 48 68 41 73 78 36 33
91 57 69 10 70 93 89 40 70
41 78 23 7 31 21 86 12 68
31 73 47 37 22 1 47 89 39
43 69 3 36 42 59 24 29 23
94 42 49 42 80 40 67 30 48
2 82 18 14 73 15 31 99 72
33 83 53 62 76 84 99 40 63
22 89 100 71 47 83 99 13 17
80 48 67 14 66 94 89 15 40
24 91 99 61 17 15 96 12 99
1 52 41 57 66 53 40 16 22
51 68 58 26 4 19 22 7 26
100 72 37 5 70 74 43 68 21
42 60 62 84 47 83 62 26 90
16 56 93 68 16 3 65 9 67
79 1 17 25 4 53 9 6 61
16 82 19 88 52 21 67 55 20
38 66 44 50 27 14 50 36 17
39 71 26 38 57 58 17 6 26
38 2 51 49 78 81 21 43 13
72 36 56 62 97 49 18 36 58
28 35 63 12 71 33 50 27 48
23 22 16 100 54 61 88 24 17
93 61 70 75 16 55 90 28 39
39 16 11 91 72 81 15 72 46
97 64 54 88 6 77 38 73 44
13 69 48 58 3 73 38 74 23
36 24 94 2 19 25 42 13 28
26 18 91 20 62 67 85 53 86
90 20 82 14 21 18 26 44 79
26 13 62 65 86 7 63 74 3
65 48 11 28 61 86 11 54 79
11 82 16 43 75 99 99 87 20
8 47 83 74 62 34 72 25 93
58 39 57 1 9 9 80 53 95
4 58 16 85 45 70 18 77 18
33 65 31 40 66 1 15 81 69
6 52 71 61 61 13 49 84 87
71 100 65 29 24 58 9 9 39
11 3 70 24 52 47 91 91 25
70 3 1 36 1 61 32 64 55
71 89 5 10 3 23 84 54 65
37 99 24 82 56 32 57 3 5
6 65 11 32 42 73 18 11 96
51 22 12 34 34 31 24 98 13
19 69 83 75 37 24 7 81 87
93 64 41 100 60 32 20 100 28
80 51 7 67 12 93 4 86 62
16 70 19 81 79 18 81 77 45
80 75 25 18 81 58 11 23 34
80 6 26 62 78 26 27 10 54
74 57 53 58 14 70 8 22 55
67 20 88 20 96 43 39 50 73
30 69 70 46 20 91 56 37 37
51 64 45 66 88 84 78 48 19
48 28 100 81 97 85 33 2 54
84 34 16 62 84 7 36 100 3
99 59 17 8 17 41 67 79 15
33 62 92 45 69 11 53 59 56
6 74 33 81 70 24 72 54 21
46 41 99 94 41 47 98 98 7
70 48 30 95 43 5 78 23 8
53 24 18 72 23 25 48 92 68
21 29 33 1 2 23 74 37 6
26 15 90 99 70 16 79 33 70
95 8 30 51 77 30 78 75 11
73 81 37 54 80 2 67 2 9
19 96 67 38 46 80 59 100 3
5 67 82 72 59 97 18 64 32
27 72 69 7 90 48 71 24 7
23 69 21 10 78 14 87 61 3
37 87 80 68 32 24 23 90 48
39 1 99 2 99 28 44 81 51
46 91 99 9 95 41 22 76 30
15 48 18 22 43 60 64 69 38
96 24 80 98 68 98 62 54 88
59 15 62 71 10 94 13 8 8
82 100 25 100 74 38 100 76 20
11 90 99 56 62 40 72 82 50
28 71 17 85 60 16 84 24 38
45 44 87 63 57 8 75 3 52
77 21 72 37 33 38 63 64 6
40 12 59 53 27 44 67 38 58
32 62 39 89 10 92 24 6 1
1 98 87 71 37 92 66 2 89
11 48 79 82 45 91 27 7 22
9 17 70 63 34 5 77 73 50
3 15 51 52 44 34 38 66 82
98 70 43 79 100 41 22 87 38
57 13 82 40 99 18 90 8 47
82 87 97 36 29 10 41 80 62
56 38 53 68 58 80 11 57 23
6 22 55 2 79 57 68 77 96
37 33 99 48 4 16 86 91 89
69 38 15 12 36 71 16 59 44
61 55 37 56 9 80 28 47 20
46 18 94 4 29 68 67 65 70
66 45 77 9 20 67 3 4 23
74 27 20 33 82 19 59 77 88
62 73 30 47 97 83 99 65 7
89 25 86 15 64 22 45 77 1
61 86 18 61 56 87 57 30 5
55 46 83 5 9 47 89 75 23
86 41 21 70 41 82 2 21 65
92 88 15 2 86 84 43 58 90
51 77 29 23 72 30 40 48 73
51 13 36 5 34 78 78 67 78
100 23 84 49 32 90 67 41 36
44 2 37 67 66 1 79 26 41
39 75 8 57 77 77 15 54 87
100 69 99 10 39 10 20 84 89
74 31 87 30 7 79 85 84 57
71 74 80 86 58 100 55 59 99
55 9 16 15 89 93 68 39 73
9 83 33 76 26 1 27 45 89
62 36 50 5 57 22 13 57 91
41 45 57 43 82 46 65 55 64
15 50 74 96 77 70 25 75 10
63 49 30 13 52 30 86 2 75
58 14 26 87 6 2 72 38 6
94 32 7 33 72 76 87 11 91
49 17 78 52 52 84 56 43 42
69 75 88 91 19 60 13 39 12
63 9 35 49 27 22 97 29 90
74 94 47 71 99 34 86 47 74
72 6 36 19 61 21 49 92 3
12 4 59 5 45 5 30 96 38
79 86 66 44 89 40 68 6 79
37 60 16 64 8 92 84 28 66
89 92 43 85 80 86 69 74 47
34 65 86 13 42 33 80 63 44
24 13 66 44 34 85 62 41 1
14 98 7 49 99 11 91 71 27
88 50 95 24 62 95 19 79 40
17 17 30 35 69 61 78 24 94
60 6 16 55 49 8 53 2 29
91 58 59 47 23 29 88 74 82
77 68 7 99 99 49 71 53 26
75 45 17 26 92 14 53 8 79
62 75 12 29 46 82 15 87 31
87 77 86 79 59 62 89 89 97
77 9 32 52 45 14 79 28 48
49 95 86 79 42 6 93 25 29
92 63 13 26 77 53 66 58 21
80 5 93 72 69 29 26 31 88
20 98 33 26 10 45 87 56 67
2 33 12 99 53 89 43 61 84
71 16 18 24 100 21 11 70 6
84 25 18 28 53 78 75 21 79
65 93 78 56 96 48 13 7 21
70 31 41 19 76 70 8 43 75
1 49 19 2 68 56 96 36 83
14 48 100 92 19 47 100 21 46
41 88 16 6 89 91 45 38 38
92 66 41 59 31 19 65 30 67
61 19 14 65 93 8 81 23 22
18 73 10 27 45 67 9 32 77
2 17 56 66 18 66 35 7 65
13 26 60 64 59 96 39 27 88
65 71 54 42 47 56 95 24 92
86 57 33 70 16 52 55 22 25
64 36 69 91 33 92 26 28 12
91 32 74 43 6 51 38 82 2
34 62 1 1 12 88 20 95 13
4 31 73 97 54 20 28 63 64
74 40 68 19 90 95 22 91 1
74 48 14 78 59 32 83 76 70
24 61 3 54 88 63 47 7 92
58 93 43 58 61 98 78 43 9
19 15 98 66 35 100 79 39 57
69 37 26 42 74 43 11 91 96
42 23 88 55 60 72 7 81 38
72 12 25 91 88 67 3 16 88
100 89 44 76 44 60 69 85 40
42 78 22 11 3 44 7 2 38
48 89 8 38 18 40 52 74 56
21 65 95 95 47 68 12 72 70
23 16 99 92 71 89 75 55 36
20 82 63 37 38 68 77 37 66
100 30 70 88 19 7 70 46 8
97 3 90 61 41 92 9 37 89
21 63 68 18 18 39 43 55 85
2 16 87 100 97 18 60 42 32
51 96 37 58 71 29 93 62 53
20 22 35 21 93 16 25 28 47
84 40 37 28 26 31 37 100 77
78 97 52 28 85 45 5 3 37
92 67 11 92 24 28 43 89 68
25 38 30 88 13 34 75 46 64
4 20 22 12 51 75 97 48 60
71 67 66 51 69 7 47 47 25
56 20 51 13 29 16 97 94 11
41 5 76 75 49 27 2 55 75
91 78 81 22 86 91 71 78 70
68 15 49 62 52 51 45 4 17
50 54 51 10 33 2 21 19 88
18 11 35 89 48 17 37 75 49
82 100 100 82 7 87 41 18 100
82 4 19 67 31 85 99 18 86
10 70 13 24 64 27 52 26 74
35 39 50 13 81 72 2 47 77
23 63 53 44 37 86 64 98 54
25 31 71 8 4 63 94 38 94
77 16 75 37 24 22 100 10 76
55 76 46 95 40 13 2 27 21
89 40 21 85 29 68 52 71 91
51 51 53 3 43 17 53 30 88
67 67 38 85 91 97 50 56 28
71 54 33 70 68 1 37 81 69
35 52 15 37 26 88 94 5 45
21 96 67 54 7 89 2 53 35
100 53 18 3 62 62 14 19 84
33 39 96 95 9 49 41 37 67
36 77 56 79 67 74 56 49 36
43 84 1 42 20 93 34 96 43
97 56 76 6 83 8 76 6 48
99 54 55 86 20 47 38 90 18
74 40 28 54 46 56 19 38 29
44 23 24 89 36 50 37 36 73
63 30 77 46 99 20 95 26 34
44 2 49 83 43 69 8 83 88
57 12 55 13 81 87 22 99 47
3 44 39 23 11 30 73 16 53
68 87 99 25 73 47 61 45 31
98 53 82 18 59 46 41 11 96
10 36 1 67 51 52 36 96 9
34 42 7 67 61 39 18 23 70
82 74 75 43 55 95 77 10 69
77 87 15 59 5 6 37 66 81
90 81 9 25 25 76 65 79 48
97 97 6 22 16 7 71 78 29
26 85 2 16 79 91 10 45 71
56 70 92 39 35 70 29 79 25
68 99 57 1 9 34 97 66 1
50 86 28 25 15 20 100 67 27
93 50 13 75 44 82 8 7 73
23 32 29 90 25 81 33 62 1
24 3 51 75 76 41 100 52 28
63 5 70 97 37 44 49 90 54
80 87 96 60 15 16 81 63 22
1 53 71 14 31 3 25 4 49
66 41 4 55 51 20 66 29 88
37 17 64 51 37 90 59 93 68
47 94 31 87 16 72 91 1 19
60 40 94 30 99 67 79 87 85
58 23 10 78 23 46 27 15 26
57 11 69 72 95 87 5 20 28
79 43 96 79 62 94 61 77 12
39 80 65 38 78 93 74 53 80
74 18 97 26 46 57 89 2 64
81 84 26 78 26 68 2 71 65
43 95 13 15 47 62 81 39 87
30 52 81 12 60 66 63 62 45
54 65 71 86 14 38 90 59 71
37 22 24 33 30 78 94 99 47
85 23 53 31 2 62 55 55 46
86 43 86 23 21 24 30 33 20
86 2 44 14 49 87 89 38 9
28 38 59 17 82 80 44 1 52
97 97 66 84 71 49 100 23 32
44 23 32 95 69 90 9 100 90
70 29 17 36 76 46 100 3 82
43 99 5 80 6 34 75 37 29
75 34 94 90 68 52 90 61 82
80 29 18 24 31 25 5 22 53
98 67 96 32 93 6 23 92 54
96 94 44 64 69 95 36 96 27
89 72 27 83 17 26 29 19 77
49 85 66 9 34 45 56 50 56
28 24 10 55 85 80 37 28 44
28 2 29 63 66 97 44 41 66
69 19 14 86 43 100 12 33 97
31 20 14 29 33 66 76 11 66
18 72 54 12 27 63 52 47 38
55 5 97 48 77 29 59 9 96
97 41 85 33 83 79 13 3 91
9 91 66 30 75 84 61 23 74
82 17 41 46 98 61 88 21 80
16 32 93 38 82 88 34 36 22
53 99 5 84 26 63 11 51 4
28 32 60 74 32 9 87 18 40
54 34 64 26 13 59 29 58 100
62 20 37 100 65 1 47 67 49
15 43 86 99 64 37 61 23 20
65 97 24 62 23 55 12 75 19
79 28 17 97 32 21 37 37 39
30 30 70 91 30 5 98 4 33
78 52 25 3 25 77 88 21 18
3 60 48 46 36 14 88 66 51
69 31 95 14 16 23 13 61 78
71 86 2 41 77 14 75 96 67
96 72 99 44 84 21 38 91 37
93 46 61 19 12 19 88 25 64
47 34 37 91 52 43 60 89 77
63 89 62 15 53 26 66 87 24
78 49 13 15 84 26 91 18 1
23 52 71 100 40 4 91 10 66
84 92 56 18 52 44 94 30 65
96 44 76 18 99 91 59 64 69
66 63 17 44 58 85 45 66 32
100 95 53 4 15 91 92 22 45
74 28 41 59 7 28 55 80 42
93 16 62 83 21 32 29 64 62
84 42 89 80 81 82 100 32 4
29 40 89 21 78 59 54 3 85
5 4 74 60 61 2 72 51 35
27 86 95 60 53 58 98 61 4
87 41 67 37 33 34 88 45 39
53 87 98 19 23 10 70 75 79
13 99 59 81 28 79 92 84 9
31 37 96 8 7 13 85 96 7
63 3 70 61 66 27 30 76 25
82 31 24 80 17 36 3 97 49
81 44 89 6 31 99 36 36 84
74 72 54 47 67 78 55 19 22
11 86 97 25 33 69 67 91 71
58 64 67 99 67 94 84 11 21
11 27 51 52 49 15 8 89 56
8 67 4 95 6 97 48 6 61
64 22 22 91 48 31 40 30 84
67 97 97 32 87 51 95 62 22
44 95 9 80 31 18 53 75 33
62 50 4 70 35 81 87 94 60
61 46 11 45 56 12 15 53 73
57 96 71 2 10 12 74 14 29
84 6 16 79 61 65 12 10 9
23 28 72 72 70 60 1 55 3
51 99 23 58 53 80 47 8 25
62 82 88 32 67 12 91 65 30
36 33 80 26 80 42 18 58 39
5 54 15 71 48 86 39 30 97
82 19 90 58 74 96 14 93 35
50 53 46 7 25 38 25 14 53
21 63 90 73 100 85 71 92 10
97 12 9 99 18 38 70 94 55
14 4 15 64 3 54 4 90 22
35 50 84 78 9 82 50 88 72
94 90 83 64 26 17 85 69 23
85 30 1 4 53 43 40 57 7
60 59 1 83 70 37 80 88 43
64 9 96 32 37 19 79 29 100
6 93 2 90 65 26 10 88 38
36 56 14 6 97 61 69 9 82
52 71 77 79 46 5 7 20 15
81 27 34 39 10 66 32 74 14
51 53 45 16 18 91 77 82 59
61 15 73 42 98 75 32 41 99
23 8 29 39 56 75 19 21 91
64 50 62 37 14 5 74 25 35
66 38 75 98 62 48 2 50 26
4 43 41 23 14 78 5 66 28
23 73 18 21 85 93 18 80 3
5 16 81 92 83 8 38 53 39
59 35 98 52 87 3 81 42 68
37 70 48 33 64 36 12 73 27
63 13 2 29 33 21 64 65 31
55 38 14 11 12 25 16 66 7
66 43 16 35 43 44 69 70 4
57 96 11 24 45 3 36 54 70
98 18 68 32 85 95 38 7 17
31 1 48 27 11 72 45 32 47
33 27 9 73 37 62 2 99 46
56 42 50 42 98 30 98 60 24
100 31 50 100 48 65 94 71 89
72 15 24 9 10 89 62 83 55
46 36 71 84 79 76 96 28 62
62 14 83 93 2 30 88 16 62
35 70 85 61 96 87 57 25 24
50 56 44 6 39 18 70 77 1
60 56 29 20 34 36 37 85 35
86 4 88 31 67 2 37 94 41
8 99 65 3 24 81 74 47 52
69 76 61 22 63 41 2 49 64
22 47 7 66 65 89 6 33 23
42 34 67 67 9 32 67 34 74
73 95 69 2 71 58 42 63 29
34 85 73 43 31 26 20 80 88
44 89 15 66 83 72 90 19 71
76 41 61 82 43 76 78 52 36
24 16 91 95 75 89 21 12 16
97 54 77 33 15 27 14 69 79
21 51 14 38 84 69 91 93 43
13 64 52 49 46 55 37 43 2
39 73 84 33 60 38 30 42 73
53 74 34 22 40 56 79 78 52
78 94 78 97 91 29 65 57 64
81 23 75 18 79 33 90 87 10
50 7 63 98 72 24 35 12 27
65 76 7 75 45 30 73 93 54
13 90 83 62 14 51 77 24 75
55 21 71 81 21 16 86 51 89
94 4 16 4 39 71 9 35 84
48 68 31 70 37 9 9 11 39
75 49 33 35 48 1 100 45 39
28 12 25 63 60 8 38 73 81
12 100 43 100 1 22 7 56 79
17 99 69 56 100 38 95 3 80
20 17 20 36 68 84 3 31 47
30 29 2 95 45 64 54 62 17
95 46 28 12 53 50 46 98 98
36 4 9 79 80 15 20 32 95
81 61 85 24 60 27 42 4 1
2 20 88 90 66 8 89 78 87
27 52 44 93 49 52 16 34 44
49 61 53 57 79 10 3 97 44
76 100 21 47 32 9 52 46 79
32 94 7 13 73 59 67 72 37
74 72 42 100 28 13 62 85 45
12 70 9 100 83 33 69 80 52
59 58 80 88 33 30 9 60 87
42 43 80 2 42 28 91 96 98
9 51 58 3 99 21 25 49 46
14 33 76 43 11 43 73 47 35
56 93 19 7 5 2 20 49 90
21 28 90 47 7 63 59 93 67
87 87 4 34 31 84 97 31 24
3 88 78 50 17 32 48 82 72
42 12 90 20 12 38 36 36 82
89 80 81 12 90 30 1 55 87
63 84 70 38 17 73 73 97 37
36 9 44 90 93 11 98 52 76
28 39 18 78 94 86 98 13 65
3 15 33 9 74 89 56 23 64
93 44 59 86 60 79 35 72 65
28 11 50 3 73 2 58 81 52
38 55 87 80 53 55 94 69 34
17 79 67 19 61 12 77 29 9
54 98 54 100 5 9 64 77 75
95 42 15 66 26 92 20 24 76
68 57 99 45 99 81 99 14 60
18 31 64 11 17 5 97 63 25
97 98 26 64 60 94 96 21 36
31 8 21 16 47 34 41 51 70
76 90 21 11 68 6 97 37 26
4 63 72 72 58 45 81 22 61
90 39 76 36 11 64 7 78 50
68 36 40 77 76 36 12 15 100
29 30 62 87 18 92 89 64 26
79 30 31 7 21 4 36 31 33
3 72 4 71 1 51 96 49 81
59 68 79 3 39 74 41 54 15
58 2 78 84 41 61 47 51 70
8 8 99 91 63 88 80 4 40
82 92 3 41 72 66 67 31 74
66 82 71 62 36 43 7 48 7
30 72 8 86 35 69 40 59 85
87 91 80 51 61 57 12 30 47
72 6 38 24 4 44 15 97 61
63 56 13 33 35 3 86 69 55
81 70 8 8 53 84 99 64 56
81 37 81 43 32 27 54 48 86
85 90 68 90 91 4 78 33 86
56 74 98 3 72 9 34 46 47
88 94 45 31 40 34 52 25 71
7 5 91 22 72 48 54 13 67
81 22 49 75 63 8 61 73 53
27 86 12 44 98 36 46 12 81
46 18 88 79 3 64 8 33 80
80 6 22 6 83 98 82 88 83
99 76 70 49 3 100 92 50 83
43 66 3 56 36 10 98 62 35
93 27 50 39 96 48 55 44 75
2 10 88 83 92 64 21 7 41
10 45 28 82 67 8 39 90 65
90 58 75 61 1 7 98 7 23
85 74 63 86 87 29 77 11 59
36 4 82 30 90 41 100 38 25
36 87 13 54 19 88 67 23 67
77 12 10 45 26 37 72 42 75
88 63 100 81 63 6 88 74 21
7 52 69 93 55 25 11 50 7
43 97 4 51 50 12 71 29 2
