12
3 4
P 3 2 8
1 4 9 3
6 2 2 E
2 2
P 5
401 E
1 2
P E
30 30
P 1 1 1 1 1 1 1 1 1 1 1 1 1 1 1 1 1 1 1 1 1 1 1 1 1 1 1 1 1
1 1 1 1 1 1 1 1 1 1 1 1 1 1 1 1 1 1 1 1 1 1 1 1 1 1 1 1 1 1
1 1 1 1 1 1 1 1 1 1 1 1 1 1 1 1 1 1 1 1 1 1 1 1 1 1 1 1 1 1
1 1 1 1 1 1 1 1 1 1 1 1 1 1 1 1 1 1 1 1 1 1 1 1 1 1 1 1 1 1
1 1 1 1 1 1 1 1 1 1 1 1 1 1 1 1 1 1 1 1 1 1 1 1 1 1 1 1 1 1
1 1 1 1 1 1 1 1 1 1 1 1 1 1 1 1 1 1 1 1 1 1 1 1 1 1 1 1 1 1
1 1 1 1 1 1 1 1 1 1 1 1 1 1 1 1 1 1 1 1 1 1 1 1 1 1 1 1 1 1
1 1 1 1 1 1 1 1 1 1 1 1 1 1 1 1 1 1 1 1 1 1 1 1 1 1 1 1 1 1
1 1 1 1 1 1 1 1 1 1 1 1 1 1 1 1 1 1 1 1 1 1 1 1 1 1 1 1 1 1
1 1 1 1 1 1 1 1 1 1 1 1 1 1 1 1 1 1 1 1 1 1 1 1 1 1 1 1 1 1
1 1 1 1 1 1 1 1 1 1 1 1 1 1 1 1 1 1 1 1 1 1 1 1 1 1 1 1 1 1
1 1 1 1 1 1 1 1 1 1 1 1 1 1 1 1 1 1 1 1 1 1 1 1 1 1 1 1 1 1
1 1 1 1 1 1 1 1 1 1 1 1 1 1 1 1 1 1 1 1 1 1 1 1 1 1 1 1 1 1
1 1 1 1 1 1 1 1 1 1 1 1 1 1 1 1 1 1 1 1 1 1 1 1 1 1 1 1 1 1
1 1 1 1 1 1 1 1 1 1 1 1 1 1 1 1 1 1 1 1 1 1 1 1 1 1 1 1 1 1
1 1 1 1 1 1 1 1 1 1 1 1 1 1 1 1 1 1 1 1 1 1 1 1 1 1 1 1 1 1
1 1 1 1 1 1 1 1 1 1 1 1 1 1 1 1 1 1 1 1 1 1 1 1 1 1 1 1 1 1
1 1 1 1 1 1 1 1 1 1 1 1 1 1 1 1 1 1 1 1 1 1 1 1 1 1 1 1 1 1
1 1 1 1 1 1 1 1 1 1 1 1 1 1 1 1 1 1 1 1 1 1 1 1 1 1 1 1 1 1
1 1 1 1 1 1 1 1 1 1 1 1 1 1 1 1 1 1 1 1 1 1 1 1 1 1 1 1 1 1
1 1 1 1 1 1 1 1 1 1 1 1 1 1 1 1 1 1 1 1 1 1 1 1 1 1 1 1 1 1
1 1 1 1 1 1 1 1 1 1 1 1 1 1 1 1 1 1 1 1 1 1 1 1 1 1 1 1 1 1
1 1 1 1 1 1 1 1 1 1 1 1 1 1 1 1 1 1 1 1 1 1 1 1 1 1 1 1 1 1
1 1 1 1 1 1 1 1 1 1 1 1 1 1 1 1 1 1 1 1 1 1 1 1 1 1 1 1 1 1
1 1 1 1 1 1 1 1 1 1 1 1 1 1 1 1 1 1 1 1 1 1 1 1 1 1 1 1 1 1
1 1 1 1 1 1 1 1 1 1 1 1 1 1 1 1 1 1 1 1 1 1 1 1 1 1 1 1 1 1
1 1 1 1 1 1 1 1 1 1 1 1 1 1 1 1 1 1 1 1 1 1 1 1 1 1 1 1 1 1
1 1 1 1 1 1 1 1 1 1 1 1 1 1 1 1 1 1 1 1 1 1 1 1 1 1 1 1 1 1
1 1 1 1 1 1 1 1 1 1 1 1 1 1 1 1 1 1 1 1 1 1 1 1 1 1 1 1 1 1
1 1 1 1 1 1 1 1 1 1 1 1 1 1 1 1 1 1 1 1 1 1 1 1 1 1 1 1 1 E
30 30
P 1 1 1 1 1 1 1 1 1 1 1 1 1 1 1 1 1 1 1 1 1 1 1 1 1 1 1 1 1
1 2 1 1 1 1 1 1 1 1 1 1 1 1 1 1 1 1 1 1 1 1 1 1 1 1 1 1 1 1
1 1 1 1 1 7 1 1 1 1 1 1 1 1 1 1 1 1 1 1 1 1 1 1 1 1 1 1 1 1
1 1 1 1 1 1 1 1 1 1 1 1 1 1 1 1 1 1 1 1 1 1 1 1 1 1 1 1 1 1
1 1 1 1 1 1 1 1 1 1 1 1 1 1 1 1 1 1 1 1 1 3 1 1 1 1 1 1 1 1
1 1 1 1 1 1 1 1 1 1 1 1 1 1 1 1 1 1 1 1 1 1 1 1 1 1 1 1 1 1
1 1 1 1 1 1 1 1 1 1 1 1 1 1 1 1 1 1 1 1 1 1 1 1 1 1 5 1 1 1
1 1 1 1 1 1 1 1 1 1 1 1 1 1 1 1 1 1 1 1 1 1 1 1 1 1 1 1 1 1
1 1 1 9 1 1 1 1 1 1 1 1 1 1 1 1 1 1 1 1 1 1 1 1 1 1 1 1 1 1
1 1 1 1 1 1 1 1 1 1 1 1 1 1 1 1 1 1 1 1 1 1 1 1 1 1 1 1 1 1
1 1 1 1 1 1 1 1 1 1 1 1 1 1 1 1 1 1 1 1 1 1 1 1 1 1 1 1 1 1
1 1 1 1 1 1 1 1 1 1 1 1 1 1 1 1 1 1 1 1 1 1 1 1 1 1 1 1 1 1
1 1 1 1 1 1 1 1 1 4 1 1 1 1 1 1 1 1 1 1 1 1 1 1 1 1 1 1 1 1
1 1 1 1 1 1 1 1 1 1 1 1 1 1 1 1 1 1 1 1 1 1 1 1 1 1 1 1 1 1
1 1 1 1 1 1 1 1 1 1 1 1 1 1 1 1 1 1 1 1 1 1 1 1 1 1 1 1 1 1
1 1 1 1 1 1 1 1 1 1 1 1 1 1 1 1 1 1 1 1 1 1 4 1 1 1 1 1 1 1
1 1 1 1 1 1 1 1 1 1 1 1 1 1 1 1 1 1 1 1 1 1 1 1 1 1 1 1 1 6
1 1 1 1 1 1 1 1 1 1 1 7 1 1 1 1 1 1 1 1 1 1 1 1 1 1 1 1 1 1
1 1 1 1 1 1 1 1 1 1 1 1 1 1 1 1 1 1 1 1 1 1 1 1 1 1 1 1 1 1
1 1 1 1 1 1 1 1 1 1 1 1 1 1 1 1 1 1 1 1 1 1 1 1 1 1 1 1 1 1
1 1 1 1 1 1 1 1 1 1 1 1 1 1 1 1 1 1 1 1 1 1 1 1 1 1 1 1 1 1
1 1 1 1 1 1 1 1 1 1 1 1 1 1 1 1 1 1 1 1 5 1 1 1 1 1 1 1 1 2
1 1 1 1 1 1 1 1 1 1 1 1 1 1 1 1 1 1 1 1 1 1 1 1 1 1 1 1 1 1
1 1 1 1 1 1 9 1 1 1 1 1 1 1 1 1 1 1 1 1 1 1 1 1 1 1 1 1 1 1
1 1 1 1 1 1 1 1 1 1 1 1 1 1 1 1 1 1 1 1 1 1 1 1 1 1 1 1 1 1
1 1 1 1 1 1 1 1 1 1 1 1 1 1 1 1 1 1 1 1 1 1 1 1 1 1 1 1 1 1
1 1 1 1 1 1 1 1 1 1 1 1 1 1 1 1 1 1 1 1 1 1 1 1 1 1 1 1 1 3
1 1 8 1 1 1 1 1 1 1 1 1 1 1 1 1 1 1 1 1 1 1 1 1 1 1 1 1 1 1
1 1 1 1 1 1 1 1 1 1 1 1 1 1 1 6 1 1 1 1 1 1 1 1 1 1 1 1 1 1
1 1 1 1 1 1 1 1 1 1 1 1 1 1 1 1 1 1 1 1 1 1 1 1 1 8 1 1 1 E
4 2
P 3
1 6
9 2
3 E
4 2
P 3
6 1
2 9
8 E
94 94
P 741 49 382 72 177 567 708 728 226 213 981 465 298 236 26 340 352 742 465 721 233 83 81 425 562 12 264 960 414 886 741 129 129 271 781 56 927 922 359 800 108 714 820 597 242 836 58 824 54 722 665 646 668 919 69 383 323 599 85 461 45 415 437 818 205 786 898 101 739 511 610 590 666 113 645 135 87 852 399 747 507 549 755 525 815 741 775 688 583 549 763 80 304
322 724 623 545 35 990 647 253 792 104 786 288 151 3 470 790 288 305 848 433 722 605 551 308 596 111 572 917 108 875 585 429 369 502 208 363 912 564 360 498 399 996 412 511 234 184 88 735 411 275 167 426 555 168 733 446 912 312 771 332 752 434 903 652 322 746 32 824 312 519 129 134 855 303 743 743 106 978 517 93 391 933 213 9 752 343 598 689 797 11 76 903 80 106
203 124 543 956 825 797 763 11 760 257 577 747 554 242 988 522 952 791 680 795 870 803 247 714 375 129 876 579 763 298 371 293 816 724 3 588 798 116 7 502 821 11 299 521 693 886 813 630 677 595 920 631 698 805 886 471 409 673 232 455 932 48 295 731 189 892 614 613 760 149 458 163 752 158 332 884 430 324 920 232 318 844 948 477 154 166 106 930 479 721 613 456 349 747
866 435 603 90 640 931 55 906 805 436 816 59 9 326 228 991 882 270 291 796 841 131 771 547 448 516 286 545 761 342 58 252 586 557 592 783 917 674 910 231 300 23 911 98 981 757 149 645 680 402 486 372 726 545 753 235 547 398 591 470 464 578 581 16 579 8 531 20 298 795 381 704 694 608 280 376 817 59 149 995 250 660 456 110 650 982 837 1 593 282 510 680 582 63
919 139 450 202 568 45 488 207 786 934 213 819 763 699 139 63 23 357 377 345 992 807 854 408 470 579 183 209 287 514 921 944 595 48 435 443 545 865 118 131 250 78 113 806 73 143 353 195 839 873 595 402 21 597 921 497 720 746 87 111 497 647 15 441 376 821 686 923 170 390 832 286 321 211 444 681 527 835 506 36 430 23 131 458 979 55 972 235 618 841 48 592 587 794
105 445 535 948 966 823 78 937 825 212 470 193 211 265 104 528 380 857 70 716 250 212 512 218 209 393 444 33 431 483 800 295 470 186 567 361 383 680 440 2 581 830 210 672 774 357 192 8 364 282 402 174 994 383 725 668 200 994 786 344 512 97 80 929 344 499 700 107 692 665 824 19 665 296 144 747 258 498 542 20 749 672 363 186 235 875 844 890 17 787 751 476 822 211
251 494 263 730 797 385 51 629 421 373 165 490 655 775 512 508 551 691 704 477 553 699 66 33 903 872 840 295 866 949 75 750 42 479 387 613 799 910 605 939 33 487 266 85 791 364 980 100 569 403 122 547 292 860 591 100 826 247 804 255 200 109 61 504 586 193 133 738 424 144 797 89 550 591 875 758 628 473 885 708 416 880 54 996 565 282 877 13 770 708 241 327 984 777
480 414 278 361 284 454 860 851 461 786 183 659 455 703 14 869 782 732 101 643 957 698 125 95 10 60 627 29 729 708 136 936 184 917 187 486 765 23 958 100 78 851 333 105 853 174 319 366 720 502 705 439 926 894 514 526 560 756 600 873 225 665 792 135 988 674 149 374 439 328 875 661 383 185 491 51 564 119 363 221 826 431 864 656 882 180 512 951 569 650 813 786 784 19
241 650 996 664 127 363 562 567 603 941 574 468 630 191 835 284 111 268 337 835 226 693 34 133 965 730 829 772 274 802 488 416 388 18 986 687 486 429 371 862 107 717 157 960 628 414 838 346 558 942 467 672 428 851 313 666 640 313 900 482 347 42 208 258 28 971 907 710 77 704 715 303 170 374 712 748 869 585 470 469 140 467 424 448 791 161 544 417 384 126 922 487 756 589
91 216 950 412 603 147 795 308 810 689 542 787 869 396 624 508 593 626 231 544 18 45 935 847 901 956 534 55 438 389 844 815 880 256 884 330 975 870 581 202 596 134 581 103 568 931 148 78 103 314 710 763 264 952 41 419 106 646 200 305 483 889 440 840 701 670 235 828 735 685 567 230 525 629 737 680 127 299 208 140 11 517 250 200 684 62 198 964 307 122 817 288 163 652
211 809 350 243 247 446 831 642 693 965 862 588 873 328 816 227 18 126 903 144 787 546 792 420 828 108 782 864 245 765 435 387 182 422 359 350 169 817 711 718 196 470 136 63 884 258 909 333 420 273 513 181 459 990 584 657 281 141 667 77 616 383 898 605 299 548 685 263 252 713 763 693 450 923 215 541 61 156 611 135 243 297 95 280 970 865 943 689 953 336 490 959 178 8
257 468 511 173 334 594 243 961 481 405 287 872 543 232 90 729 540 907 474 661 443 396 64 983 338 385 402 802 194 627 818 155 527 796 189 651 927 921 727 170 250 728 955 441 156 508 18 686 416 476 594 265 981 860 679 793 996 93 574 792 354 741 518 509 109 676 564 391 524 362 60 941 689 727 169 440 592 733 324 695 461 711 169 838 976 68 33 255 783 736 617 186 662 898
929 633 63 327 522 172 390 770 517 959 35 256 912 793 919 572 638 543 471 254 786 891 3 544 693 596 953 266 962 977 865 143 998 321 992 484 215 213 214 45 772 474 353 929 968 476 34 737 927 402 514 856 253 949 684 38 17 61 528 204 621 52 419 745 447 44 392 721 602 870 778 84 640 315 388 267 630 281 860 257 35 582 406 332 794 815 10 298 281 647 788 234 125 102
618 916 279 59 729 221 173 739 505 89 356 33 334 501 765 63 93 207 398 705 616 18 64 386 443 165 525 686 847 630 419 822 646 166 341 897 24 81 807 769 146 85 600 177 411 815 722 98 261 606 494 778 627 704 926 335 483 360 213 30 121 770 130 499 971 237 391 412 118 315 806 409 996 710 695 368 695 514 793 730 123 259 390 839 85 992 529 81 8 347 526 29 257 448
427 410 833 650 547 433 895 630 634 376 45 995 608 272 112 932 528 85 942 189 547 421 11 704 139 193 915 249 382 176 515 81 256 677 965 756 570 983 880 515 911 574 670 519 195 747 330 547 277 836 567 335 10 573 832 247 30 783 409 867 402 298 521 203 986 691 501 358 434 268 179 871 381 659 770 597 570 562 252 937 826 418 126 200 557 286 817 805 472 843 464 449 223 687
157 118 841 926 765 996 386 437 843 478 373 561 778 16 978 516 959 53 877 18 865 95 536 397 989 669 970 303 362 341 432 703 340 357 220 78 364 85 399 282 16 525 583 705 13 780 669 980 367 503 754 422 626 369 78 554 534 412 959 231 772 628 349 850 151 29 765 314 391 297 103 523 846 439 616 663 672 812 381 769 375 346 661 44 99 237 11 553 135 353 329 47 270 587
261 410 120 946 244 122 98 500 813 693 704 128 777 989 444 129 290 666 787 689 684 132 796 184 810 321 128 161 689 57 260 93 235 785 578 440 661 838 25 414 237 646 251 480 897 820 933 349 507 512 98 757 83 290 303 999 708 268 27 613 198 947 930 750 774 531 349 310 799 647 601 511 241 393 696 984 640 569 783 541 791 620 750 361 984 944 103 15 279 780 264 128 78 716
511 287 850 647 687 790 483 127 837 86 444 634 10 804 854 515 884 199 523 614 907 410 149 309 946 147 940 327 635 118 645 960 8 727 148 208 658 250 771 853 737 96 174 66 515 274 709 97 129 845 57 588 423 660 303 630 649 363 702 71 805 169 126 569 576 502 577 380 88 578 296 391 383 560 984 713 121 624 786 696 767 114 444 255 810 893 685 690 1 933 257 553 839 995
359 315 342 302 86 266 76 198 862 790 254 890 790 569 689 404 207 990 631 199 534 504 48 128 946 563 332 893 604 817 999 271 297 260 925 190 156 495 704 397 264 409 860 412 721 575 484 184 187 146 488 494 515 411 199 203 283 444 91 726 651 630 956 684 739 964 470 884 278 325 249 212 655 337 755 415 809 430 483 448 326 857 701 659 600 193 259 199 223 126 216 474 656 77
871 990 854 292 5 88 598 909 540 168 606 756 621 200 788 591 585 191 877 404 36 44 443 520 336 516 879 343 959 565 197 565 762 72 495 585 614 803 454 273 155 65 59 840 677 568 360 758 876 429 244 314 43 169 680 918 12 665 146 833 961 621 693 544 535 83 326 969 828 536 326 363 909 444 516 701 78 115 507 428 594 461 111 450 444 405 143 324 294 147 628 244 443 667
210 866 449 315 810 972 510 989 78 533 730 904 427 600 679 869 346 918 182 444 795 712 732 425 439 232 904 421 991 3 275 8 599 737 920 567 986 556 462 222 980 489 606 263 948 254 553 10 856 136 399 490 24 803 662 627 662 79 303 820 91 595 506 29 900 821 533 695 37 968 303 943 574 383 640 365 719 555 142 926 908 9 366 315 239 629 286 230 283 234 610 998 835 356
106 72 876 201 973 174 440 856 129 818 555 172 591 944 113 683 159 663 997 37 929 552 956 963 653 328 992 108 717 20 635 186 687 730 790 565 724 406 237 540 836 262 81 574 62 938 441 222 424 969 790 633 206 137 47 879 917 692 37 155 388 507 932 16 995 182 320 402 701 408 215 125 454 438 481 831 936 165 386 505 603 837 312 840 173 38 680 963 550 295 205 703 123 607
209 319 498 241 847 187 63 797 346 293 142 191 342 806 754 505 448 23 803 842 622 915 761 593 500 209 79 46 351 68 276 268 985 496 877 867 94 390 152 570 428 391 388 252 903 470 735 558 94 496 402 118 314 197 182 269 790 871 661 388 937 113 997 370 349 94 962 795 282 874 397 363 346 499 394 328 389 828 928 631 152 675 384 33 864 555 116 58 757 968 499 392 286 982
731 720 613 692 354 197 954 744 626 33 37 137 949 833 413 674 617 930 551 527 397 255 873 695 403 760 707 553 877 281 787 624 211 6 52 395 560 534 209 673 885 500 662 209 89 26 254 366 209 620 752 720 534 908 527 23 93 645 479 638 629 68 425 925 522 354 593 423 109 292 937 471 632 319 52 625 533 800 632 330 337 137 297 736 794 830 239 27 895 964 769 511 800 800
801 457 211 135 377 585 579 537 798 482 272 155 199 357 868 112 367 186 61 360 834 317 37 66 827 987 587 560 230 477 606 146 978 668 262 855 792 715 207 790 546 677 891 342 410 32 234 570 301 826 308 578 738 922 242 458 419 731 17 847 787 766 134 323 843 699 301 841 280 554 656 623 291 2 540 439 488 905 542 448 254 721 214 668 6 763 892 30 415 78 306 58 361 949
622 55 673 3 683 588 564 222 732 779 370 573 753 871 277 244 494 865 191 589 959 913 985 98 768 192 873 96 939 537 279 320 234 212 110 920 642 800 247 296 737 713 430 569 647 468 33 346 554 490 717 939 343 106 54 302 536 549 749 611 241 631 909 459 80 966 335 7 977 183 400 984 316 415 748 936 554 728 698 62 696 131 857 389 853 914 17 101 567 827 639 823 549 358
880 546 715 561 704 154 549 357 471 977 626 824 540 10 765 542 398 162 438 810 702 585 664 236 120 227 392 680 413 737 344 605 260 530 918 998 735 171 487 647 656 548 942 702 937 685 158 572 898 938 613 55 705 869 536 104 697 170 534 394 772 918 715 785 556 271 606 368 884 790 752 58 547 599 317 149 864 173 166 587 907 419 899 19 457 567 616 672 959 304 247 764 677 113
685 333 176 193 68 241 773 678 767 755 496 97 698 269 326 859 581 552 863 861 170 709 369 938 645 955 366 901 454 152 865 985 387 722 487 462 497 239 405 236 816 951 725 288 845 889 566 765 895 298 998 302 545 143 35 233 591 650 869 267 30 635 472 656 994 704 149 113 858 523 34 902 973 11 397 148 216 140 355 247 170 187 836 746 718 363 865 162 198 553 602 303 469 360
390 116 41 264 229 207 795 668 859 302 860 261 133 406 36 997 841 918 61 957 920 591 554 133 24 592 539 748 793 826 567 256 748 910 511 736 687 713 395 701 757 29 905 972 466 573 122 348 28 955 873 495 20 202 936 824 589 369 224 744 260 540 694 67 527 297 774 504 580 99 917 614 299 624 545 765 502 889 420 813 51 457 407 258 881 546 895 896 369 997 36 548 671 685
564 290 643 951 280 785 744 319 390 297 713 253 28 712 908 919 243 86 512 439 115 659 295 127 541 611 238 341 674 799 319 896 226 49 673 10 555 498 937 800 800 349 557 95 822 218 345 180 32 248 113 502 878 962 386 824 332 710 545 487 604 287 177 114 204 30 119 180 940 648 96 416 611 924 831 513 174 796 47 471 262 983 625 625 662 675 252 260 782 522 263 368 573 676
291 115 352 399 549 540 661 479 327 37 905 663 89 105 79 394 701 352 459 663 449 147 858 153 983 774 982 12 928 923 194 161 732 205 529 751 400 956 954 926 460 414 724 878 115 359 905 591 404 993 98 779 326 580 139 195 805 877 779 155 446 52 663 814 971 38 536 163 547 479 75 861 870 212 305 140 923 665 156 369 567 452 23 344 231 112 37 737 639 436 919 258 873 39
285 359 161 772 467 35 157 857 418 270 593 202 718 155 412 26 270 879 615 844 367 316 223 292 919 672 317 841 809 922 864 617 648 801 264 564 592 402 565 578 744 201 68 313 578 560 525 929 21 251 518 811 777 216 6 426 952 278 694 23 405 511 509 179 619 729 781 366 645 102 165 20 812 907 496 609 369 986 711 611 748 181 301 393 965 17 128 3 72 251 510 845 220 494
154 323 134 127 671 169 621 533 446 191 504 688 490 598 32 540 757 935 408 836 247 259 250 815 838 25 912 800 396 709 735 890 758 393 527 583 552 485 793 122 537 86 369 532 679 393 431 975 426 734 405 461 821 144 903 243 846 394 721 217 491 933 823 610 9 661 896 81 231 60 144 84 794 11 937 455 244 350 305 611 609 448 162 20 871 972 414 736 762 82 264 717 92 206
976 294 45 700 104 278 878 112 789 229 306 481 246 184 311 682 835 969 175 489 752 167 697 722 248 804 443 802 69 904 405 806 153 338 697 910 420 11 515 665 417 24 821 565 411 691 867 137 876 722 695 82 449 494 986 41 126 61 209 503 982 430 150 944 567 653 841 237 324 23 304 465 195 165 529 257 174 431 992 348 240 365 26 209 528 493 138 512 595 41 453 780 5 479
843 434 736 707 571 394 721 461 703 471 820 992 600 606 56 629 278 35 666 488 497 952 297 410 278 834 875 613 459 107 414 426 144 264 991 953 81 803 704 886 212 758 525 315 359 784 82 15 128 681 302 955 179 674 363 49 333 773 221 701 594 13 648 460 795 570 150 305 357 717 498 814 117 457 559 501 762 137 552 673 87 619 816 471 735 789 931 240 550 308 886 943 149 675
237 291 919 52 879 163 99 185 957 540 383 162 525 166 573 577 419 303 98 896 169 581 859 733 235 674 174 692 598 104 155 724 29 363 45 306 68 394 605 423 755 906 537 411 470 957 851 838 867 715 554 405 250 425 390 431 364 963 615 263 632 153 97 287 74 48 212 153 9 335 527 164 365 613 540 775 414 126 710 62 102 935 264 9 548 696 329 207 420 274 380 543 215 289
693 688 430 254 406 237 787 150 923 650 695 788 299 640 70 315 977 795 773 670 909 280 983 326 489 517 72 625 427 214 655 528 14 62 174 614 937 740 349 754 235 220 6 601 475 888 186 736 397 675 643 2 755 413 977 404 844 70 256 651 839 149 451 334 876 685 829 376 524 268 281 447 133 291 915 316 725 893 65 198 915 96 108 815 603 272 608 759 442 238 612 681 520 465
364 121 357 399 749 986 904 785 892 802 924 430 907 398 748 6 720 983 87 56 330 937 738 77 938 34 318 768 844 13 293 872 685 610 63 112 784 404 359 262 134 839 50 526 512 807 845 126 85 474 399 674 206 825 571 360 179 109 221 55 287 188 655 344 995 334 45 244 728 261 406 371 561 89 624 538 534 367 563 192 694 596 694 194 548 396 918 254 814 580 252 88 928 803
392 977 169 426 281 739 552 879 388 188 927 973 230 526 244 275 506 778 530 538 661 14 351 885 998 87 668 146 809 340 777 395 49 467 5 269 355 213 577 48 643 220 842 505 603 861 472 364 892 224 713 741 847 146 639 645 90 83 400 403 191 382 222 391 729 690 324 229 504 541 741 577 778 243 428 323 545 484 403 475 159 130 344 976 498 308 174 954 682 127 427 448 541 837
795 291 953 967 198 631 474 802 32 864 259 499 258 359 696 457 104 954 886 137 305 125 931 245 795 873 997 814 511 943 654 401 59 804 498 5 471 792 127 247 562 6 917 135 831 948 279 719 768 446 832 187 573 707 984 500 357 391 18 710 737 505 969 648 341 672 93 846 449 216 233 81 713 201 434 139 205 274 687 944 379 503 436 90 520 153 307 415 529 729 476 913 48 375
818 857 331 276 215 894 138 156 271 334 974 665 727 316 718 257 836 426 412 686 755 894 525 820 701 774 774 998 428 873 717 17 359 514 929 314 600 489 2 683 999 64 710 58 527 13 311 409 232 511 962 251 402 849 515 513 352 246 67 369 527 791 993 583 921 971 700 658 336 548 541 455 197 100 555 628 568 559 372 816 278 642 570 367 297 409 635 691 371 750 178 287 827 347
484 456 640 243 717 97 899 914 498 574 211 51 255 653 354 242 176 417 154 289 33 351 865 215 468 964 379 402 951 784 890 73 105 247 243 919 874 865 27 298 684 913 773 238 507 15 420 386 228 317 63 951 535 473 425 54 344 470 262 495 88 815 677 382 98 138 100 523 988 594 629 147 919 949 39 47 768 457 18 156 150 62 814 204 386 58 816 47 921 81 625 962 851 466
146 707 831 854 907 243 789 5 430 529 873 405 58 913 115 149 575 661 437 627 419 819 365 655 439 93 58 914 224 341 784 537 694 110 588 907 50 968 317 825 831 97 654 244 784 853 293 382 165 758 538 761 168 128 695 278 787 58 76 746 397 827 322 97 588 753 737 38 113 819 549 660 604 547 601 700 46 472 820 202 931 941 679 321 146 514 965 15 838 293 760 697 92 77
769 786 669 789 567 255 747 940 294 430 677 280 713 588 351 506 704 629 15 181 584 797 87 946 578 509 705 233 868 215 21 585 726 904 519 932 834 801 286 278 283 510 325 122 583 418 549 891 421 909 294 189 97 493 443 855 917 439 644 541 684 569 270 904 592 321 138 167 435 360 81 16 833 613 828 186 69 269 541 87 41 484 761 187 354 578 580 324 184 308 601 928 54 649
654 131 794 682 877 634 103 217 598 425 252 105 258 597 190 970 175 362 342 981 300 174 301 618 802 475 278 316 924 919 527 961 316 300 767 731 74 722 564 926 663 208 937 955 639 272 92 101 262 888 797 826 199 758 54 188 895 518 573 121 315 62 741 438 46 891 64 835 499 237 267 82 900 610 186 385 562 180 406 27 733 189 238 904 225 920 925 338 851 355 839 999 945 754
455 209 500 592 322 863 361 881 586 858 71 637 258 340 614 344 686 251 889 688 461 79 318 578 595 627 592 502 724 366 211 4 501 780 160 570 206 534 768 673 413 360 733 508 245 434 920 670 961 496 427 810 864 704 412 128 588 199 745 132 107 999 546 901 657 903 399 598 6 18 426 955 635 340 66 857 579 912 661 78 235 529 121 572 415 827 101 310 323 251 933 30 222 253
365 945 881 542 277 37 391 509 906 759 206 411 44 394 144 559 528 498 305 305 610 367 635 565 250 72 605 561 343 90 560 727 106 554 555 761 390 355 530 254 644 468 535 962 772 371 103 817 567 241 170 911 302 965 280 16 405 856 756 62 64 147 471 748 498 243 267 829 7 299 273 176 95 696 437 367 144 118 44 457 187 246 577 434 607 837 762 520 76 191 150 15 168 484
898 399 464 824 534 125 541 479 540 751 736 48 329 172 201 128 158 883 627 32 483 174 46 883 444 18 562 23 62 366 667 614 110 349 401 525 851 346 198 957 374 683 771 30 324 232 509 84 216 104 3 822 568 68 921 674 385 319 592 179 8 244 490 716 945 222 211 900 722 860 161 545 41 235 277 80 12 828 3 814 342 219 76 181 933 28 408 231 296 26 428 567 346 506
617 458 92 797 96 754 980 246 797 592 805 697 895 663 635 692 481 541 428 387 830 601 932 746 329 738 509 160 841 602 87 849 447 921 995 476 32 446 169 183 699 657 64 145 748 131 847 794 287 510 474 83 899 607 769 742 104 291 465 816 697 350 569 985 990 66 203 314 285 141 50 268 21 37 936 105 206 12 174 589 388 354 422 564 735 949 875 662 10 86 283 303 969 2
880 518 902 791 611 944 878 49 882 413 432 759 125 435 334 449 865 123 898 982 529 487 12 859 462 425 990 430 706 553 727 715 591 815 637 610 211 94 932 578 675 532 992 481 265 249 195 318 25 194 880 626 589 684 765 906 270 643 438 652 871 255 972 839 716 135 951 396 48 545 204 778 918 815 378 946 9 498 178 353 570 971 25 667 998 998 208 725 51 266 850 653 653 835
51 556 290 300 466 288 736 821 939 780 679 443 805 396 495 354 508 469 383 261 539 619 448 84 311 651 746 137 912 801 299 634 34 333 829 222 559 351 617 497 639 158 908 39 363 133 254 202 867 973 931 556 644 168 648 933 860 99 976 66 265 629 984 791 155 62 936 984 55 535 717 287 938 192 281 63 249 977 996 166 688 527 292 572 794 88 119 695 925 443 423 616 125 277
771 759 42 622 62 655 770 364 654 450 118 236 354 80 996 218 786 658 947 561 107 802 715 200 901 138 707 58 938 462 359 595 416 213 334 556 211 860 336 647 31 679 696 610 658 907 694 167 763 880 985 698 332 315 548 95 714 829 184 419 617 970 944 466 84 919 618 630 713 728 804 190 138 531 41 958 764 553 556 7 425 220 682 900 618 431 80 206 448 196 563 635 993 500
479 555 680 820 463 882 437 222 351 782 453 666 35 329 554 885 809 514 606 821 638 834 316 989 235 368 285 91 333 59 918 657 377 425 970 453 119 318 157 907 461 204 261 629 767 290 544 313 876 658 74 261 901 733 993 938 545 831 667 417 561 610 998 912 221 796 522 604 22 971 202 289 420 406 992 270 310 643 36 113 233 137 625 288 564 20 933 590 768 86 461 132 388 487
850 251 175 697 302 414 444 62 363 316 964 334 790 249 836 302 616 950 135 585 928 20 117 278 386 100 117 586 306 683 436 507 241 856 174 599 179 631 491 489 275 827 866 434 766 947 334 916 84 883 831 725 625 171 124 520 444 22 604 215 781 279 992 631 31 772 529 347 424 693 726 648 119 52 867 700 238 583 260 929 845 702 660 904 561 913 173 109 535 582 792 329 368 918
654 17 655 323 941 806 251 373 523 308 449 937 302 189 779 613 713 129 102 690 75 525 503 655 776 331 11 750 180 485 186 368 380 315 794 244 23 239 995 238 689 927 463 954 999 570 506 406 544 498 752 748 705 591 180 861 811 468 330 257 930 466 156 196 302 460 684 690 748 328 927 902 970 15 805 104 452 41 191 375 123 129 563 763 160 90 266 662 570 65 857 527 995 153
506 147 139 753 982 700 40 204 859 895 986 658 905 617 608 359 606 248 269 803 843 856 391 287 991 554 695 178 759 635 700 843 751 796 618 933 276 79 696 135 109 982 908 119 208 856 649 327 469 444 649 443 563 209 194 367 545 171 751 900 445 962 829 681 96 164 306 275 69 412 818 244 402 855 114 997 705 483 457 204 160 18 708 4 1 859 815 22 685 204 109 380 558 110
571 650 302 157 841 228 779 151 544 238 789 802 2 935 471 724 919 10 430 830 160 423 914 845 55 171 375 959 604 696 141 24 156 754 372 206 274 4 158 595 716 733 77 135 645 454 111 678 522 632 203 362 955 447 135 106 152 187 216 133 860 751 701 892 785 631 416 520 289 673 644 497 818 929 233 167 205 544 133 610 566 971 668 538 903 777 317 128 905 673 222 665 707 445
507 859 671 44 898 438 307 236 837 505 442 236 289 732 784 291 366 725 478 445 450 650 860 573 557 968 250 992 177 209 521 94 50 812 896 150 601 536 454 631 45 940 495 363 180 608 809 16 212 284 978 862 862 732 272 254 963 864 736 51 676 508 128 46 20 472 201 484 24 531 42 478 285 105 443 575 527 697 6 338 899 339 84 675 618 120 406 84 310 459 476 322 80 652
895 428 642 192 857 140 826 896 280 181 204 425 298 36 188 573 43 404 705 454 270 932 345 226 297 589 151 370 173 908 415 419 830 190 595 604 170 324 65 166 673 957 82 945 796 859 861 649 724 414 333 847 244 500 783 544 953 522 56 143 383 22 673 443 24 994 599 832 606 348 749 501 251 67 275 427 263 302 666 682 193 730 813 466 276 315 444 501 239 606 441 630 551 457
288 304 193 755 58 996 388 979 290 251 823 698 875 3 125 863 903 998 455 158 873 771 597 494 407 998 850 625 659 749 282 598 89 716 870 767 342 400 947 27 900 726 370 879 67 318 613 178 479 513 222 938 851 688 663 874 507 157 718 472 833 884 797 238 336 636 132 255 376 187 179 655 938 587 16 702 454 294 344 945 66 793 172 139 971 909 356 243 258 51 580 141 936 538
617 863 422 172 17 740 507 658 813 246 684 498 62 728 910 690 557 814 320 140 765 332 194 894 877 51 957 600 815 459 825 165 239 793 122 405 495 29 76 650 767 235 413 880 940 689 135 885 799 636 252 367 353 748 645 122 430 287 768 530 731 22 564 167 708 323 302 716 152 827 736 937 104 104 639 706 427 177 294 334 459 191 966 676 629 7 162 175 992 376 449 934 915 461
781 29 404 143 704 149 642 123 907 789 624 425 428 600 785 961 326 716 486 29 362 742 351 6 216 120 445 177 887 463 483 576 316 635 126 230 743 869 683 809 804 600 308 624 839 794 9 596 133 76 788 480 117 787 617 801 809 915 697 711 700 414 423 503 937 254 160 237 729 533 974 890 745 524 139 490 283 336 27 157 607 725 682 788 337 40 30 878 385 873 804 10 775 216
989 676 275 437 977 875 690 114 447 632 763 973 802 328 176 999 896 539 304 83 968 390 614 679 291 859 88 872 69 543 631 240 505 974 527 905 115 325 550 230 915 856 730 261 944 11 448 7 81 995 646 283 378 391 601 744 128 381 732 996 525 187 951 406 558 167 853 337 345 929 463 21 865 829 261 728 913 663 43 815 38 961 270 612 403 221 430 822 640 444 896 634 575 331
883 472 7 468 915 712 305 150 72 662 258 485 911 173 211 839 706 87 371 669 359 793 76 558 216 784 759 949 811 67 905 588 822 75 117 266 840 345 131 186 792 898 368 940 957 395 20 796 465 685 813 860 571 992 288 894 588 690 788 596 256 957 213 57 816 678 741 672 241 842 651 651 199 458 163 478 10 956 417 351 261 754 881 789 169 327 998 764 67 187 543 961 248 778
175 212 965 485 737 907 301 254 9 103 543 689 176 585 134 263 770 57 428 937 821 361 645 791 12 237 291 978 6 137 652 483 563 120 523 581 874 948 576 680 601 338 455 441 91 951 806 252 538 927 441 459 258 741 235 461 588 458 612 680 41 476 80 253 827 993 512 929 558 115 894 207 75 29 923 204 248 192 851 806 67 679 961 936 842 749 313 801 665 245 941 882 28 473
259 743 723 896 52 948 973 87 739 412 835 206 462 823 527 583 118 909 543 210 278 550 31 530 858 234 676 820 728 395 706 884 186 222 130 610 114 526 25 289 215 459 970 706 947 305 388 255 865 612 259 399 940 781 551 891 277 257 450 705 110 189 460 49 190 928 719 487 417 882 820 271 314 848 669 902 243 89 43 104 709 873 469 121 808 3 746 95 706 230 865 36 850 748
706 738 45 191 714 538 340 431 82 688 77 71 506 927 543 382 148 464 575 310 679 978 628 650 622 231 184 457 131 265 887 35 947 743 258 993 60 872 891 293 136 14 174 652 888 618 547 303 302 716 222 780 55 827 36 887 425 53 715 882 47 402 561 764 31 591 701 141 74 399 767 651 678 283 337 71 585 593 180 291 221 21 524 546 991 80 591 147 873 892 586 197 220 159
462 826 248 422 320 556 319 266 400 740 120 438 763 699 656 369 633 153 278 993 19 305 810 676 889 187 555 964 636 660 252 835 919 836 707 751 818 825 469 702 319 820 241 902 75 682 145 606 869 587 453 300 63 413 376 841 473 886 774 492 944 783 847 7 639 463 114 425 439 360 315 563 820 240 987 371 281 219 840 309 656 865 461 209 564 604 70 231 399 248 97 203 808 873
428 114 676 830 920 414 414 324 924 502 126 479 70 449 469 896 259 949 352 557 297 765 672 906 695 558 161 710 766 443 67 335 486 844 818 411 460 465 877 219 751 529 624 765 409 844 91 473 361 731 842 347 315 350 361 256 215 305 899 982 447 86 553 888 521 337 182 737 428 59 126 218 837 1 731 479 957 785 554 591 611 759 30 729 525 270 732 574 994 576 966 509 59 462
451 39 757 993 949 231 351 187 581 365 964 723 867 719 146 820 778 335 422 580 827 848 369 601 338 680 454 734 916 302 11 216 254 670 73 327 967 563 195 177 789 385 479 751 858 767 226 921 373 518 183 844 112 898 133 637 489 509 578 368 583 897 916 306 873 727 135 71 116 420 621 416 137 589 50 741 589 193 753 818 452 941 303 531 197 448 215 694 327 196 327 732 95 857
520 537 187 302 479 540 624 712 793 546 834 262 929 238 242 342 937 694 45 403 749 300 439 550 931 64 226 948 780 396 860 69 788 296 96 513 653 250 911 830 452 415 711 832 628 744 58 458 189 541 868 236 522 276 697 935 58 923 548 482 953 303 511 578 506 953 226 787 980 160 426 712 347 400 654 569 349 51 42 171 235 898 920 35 268 324 120 268 99 489 773 916 100 741
479 74 687 180 370 579 821 144 829 59 50 450 200 211 78 414 491 335 600 609 944 46 246 779 7 972 240 654 901 931 908 177 653 620 185 523 285 142 21 157 414 796 470 729 435 533 179 126 544 699 752 517 11 805 8 912 143 614 994 702 640 348 531 830 984 626 71 897 826 627 450 908 765 684 742 872 809 799 799 214 192 770 410 599 62 661 33 949 682 338 267 435 801 579
393 550 488 139 584 739 991 704 874 325 977 480 843 178 578 263 944 660 367 243 860 361 140 481 117 815 621 433 363 756 503 587 401 471 649 267 96 938 904 808 651 982 386 507 589 227 662 312 8 339 473 325 318 823 949 320 449 75 759 508 942 106 301 556 711 831 993 117 734 708 620 552 415 794 584 966 959 966 987 955 301 808 793 672 277 845 189 280 443 124 834 125 381 535
163 987 994 435 402 655 606 336 758 666 45 825 807 17 985 875 630 473 701 103 819 255 922 728 250 417 211 433 438 877 680 232 601 402 297 175 508 45 332 639 490 298 434 486 976 64 663 946 267 769 524 364 383 100 824 906 624 656 665 448 595 710 253 18 49 321 275 207 247 521 915 283 693 873 317 383 596 374 311 612 450 324 156 240 134 751 630 424 11 304 911 42 643 295
863 996 78 716 60 860 783 700 136 400 666 996 901 574 729 64 431 759 716 403 748 218 851 866 752 194 959 896 246 973 107 617 823 284 413 250 740 829 954 188 483 228 357 402 292 465 460 532 816 471 940 36 740 602 408 819 555 376 958 155 556 622 235 467 896 231 373 769 580 612 66 378 571 413 124 344 454 566 127 184 485 286 357 412 722 312 199 776 4 271 485 799 956 7
705 885 652 877 899 59 25 517 740 758 255 306 835 808 108 990 878 312 37 799 367 378 710 689 47 622 373 738 649 635 432 874 384 415 665 788 482 234 189 674 430 682 771 366 511 487 152 970 847 667 787 141 674 4 879 528 43 241 135 754 59 270 787 316 563 512 908 232 54 411 666 84 489 430 481 663 671 64 369 907 773 878 414 22 817 35 95 68 238 197 879 906 48 41
317 898 900 909 157 320 279 601 833 727 180 277 640 15 853 946 579 500 511 509 631 736 907 460 323 707 130 69 346 373 19 502 191 842 372 852 620 964 113 323 147 653 870 906 193 319 650 391 643 589 470 689 498 815 977 192 92 523 549 503 221 232 162 244 180 792 389 560 210 145 220 885 792 700 509 424 358 768 921 582 249 279 187 572 342 13 768 450 622 131 58 174 291 414
707 326 40 392 908 188 814 194 329 983 757 974 375 274 149 909 99 470 367 227 979 615 545 125 143 619 25 384 359 241 998 968 161 114 141 621 759 531 657 708 321 995 382 261 674 288 381 845 533 550 281 557 249 566 302 102 327 956 324 292 636 117 291 545 475 214 796 323 703 362 592 809 649 761 409 288 697 57 559 47 639 427 665 188 551 171 356 740 574 414 658 712 814 607
412 681 142 790 910 493 570 527 681 374 261 635 321 871 155 487 741 456 534 873 50 931 823 585 953 982 91 331 291 342 812 717 860 737 847 469 165 25 919 636 847 987 722 705 686 817 297 178 320 95 333 861 739 946 876 498 289 321 472 766 900 79 882 848 726 87 663 151 57 631 917 973 722 464 999 520 292 292 538 285 262 549 138 473 980 628 339 752 311 865 547 133 356 964
862 641 508 499 859 712 216 633 570 162 696 846 173 875 750 676 710 823 371 73 22 704 728 304 380 184 348 630 383 612 240 206 508 123 533 251 879 680 420 799 46 208 817 823 177 117 610 656 1 232 465 276 309 192 541 840 688 386 589 575 307 861 229 429 85 425 933 220 941 930 488 599 946 167 106 755 107 488 57 350 851 825 329 28 880 535 336 217 824 288 510 828 318 363
702 451 739 975 610 314 618 231 685 50 313 748 256 38 579 695 340 641 889 199 582 67 351 442 438 951 24 965 91 543 103 662 392 82 505 696 465 780 219 784 80 101 683 671 517 416 254 474 991 577 334 162 584 303 716 564 689 494 589 187 205 592 361 142 990 795 484 255 511 102 999 629 40 557 86 794 74 334 876 553 825 171 825 301 321 67 713 825 65 805 432 44 465 817
19 771 365 14 487 445 834 423 832 690 859 374 931 925 52 454 354 220 835 357 432 31 807 66 629 697 529 911 968 990 334 18 348 278 181 616 51 421 5 247 846 776 492 659 594 46 106 933 712 213 28 999 666 497 12 619 629 807 969 507 374 319 987 780 770 711 901 325 98 801 58 73 969 383 664 544 938 767 273 360 129 581 150 40 219 728 497 811 625 780 889 792 647 439
77 629 736 588 850 262 608 53 262 589 380 732 763 787 708 176 89 674 555 240 614 542 456 524 606 929 778 675 172 543 872 901 137 383 443 411 639 362 759 272 395 20 459 137 482 115 750 178 993 49 364 982 84 731 634 749 764 807 372 267 141 130 772 819 731 251 381 213 999 748 799 525 969 574 889 962 37 342 782 83 464 80 645 461 700 82 303 454 10 6 263 570 264 810
220 647 341 543 971 396 916 820 804 954 198 318 955 459 399 439 301 85 894 431 789 732 536 886 731 846 395 173 621 973 399 880 33 626 918 279 349 153 548 649 435 514 772 162 243 651 188 739 408 474 274 750 96 662 247 232 569 240 248 411 340 806 456 420 626 752 144 128 399 15 178 916 367 568 814 150 823 310 237 520 767 326 923 127 581 168 759 132 273 684 474 493 39 508
876 353 812 586 47 966 959 46 768 176 35 447 514 832 436 967 926 583 299 504 273 831 345 924 905 790 366 383 567 914 470 646 516 791 843 310 308 528 888 727 186 19 199 25 954 338 843 8 950 754 58 785 403 648 694 227 694 340 426 854 534 945 148 181 667 834 218 754 753 376 422 139 930 693 280 529 610 982 512 340 530 357 101 290 647 263 393 77 747 874 804 368 918 912
447 998 678 902 520 603 401 257 516 794 29 611 547 578 844 193 174 835 198 905 176 899 936 947 414 557 686 821 322 228 229 477 284 695 485 160 708 659 920 88 662 913 46 165 550 829 403 712 285 928 496 356 37 669 236 734 224 400 831 349 700 685 345 801 964 631 689 184 992 976 382 516 820 577 456 670 778 747 148 45 222 619 486 548 558 651 357 797 452 942 745 288 58 672
457 220 256 176 52 7 213 796 163 535 444 863 275 967 340 422 771 247 997 4 318 159 249 789 951 641 480 661 189 884 420 347 552 283 241 283 948 576 603 536 213 440 479 683 155 824 686 625 196 359 766 283 719 207 880 715 475 780 980 961 81 711 751 575 446 30 761 977 525 157 197 458 412 719 866 694 779 109 543 39 735 693 397 596 777 118 966 219 445 986 593 175 331 56
955 830 608 453 995 527 822 724 238 565 673 617 472 407 612 381 427 442 805 278 964 526 781 417 574 549 939 119 836 443 260 20 619 343 406 393 766 609 193 953 893 400 619 867 38 406 971 116 543 990 414 194 892 442 71 68 558 965 499 58 827 680 695 99 689 784 538 540 989 386 736 790 730 687 584 746 254 262 205 21 978 53 91 978 51 63 710 363 87 435 126 338 151 182
737 863 162 413 524 569 948 693 522 798 290 846 609 552 111 500 332 109 553 44 966 323 194 681 420 309 360 8 290 107 924 782 498 171 774 437 229 699 634 168 212 857 168 97 47 397 638 496 808 901 408 377 397 84 805 708 120 357 635 935 368 393 68 314 746 737 946 274 111 76 694 704 517 401 431 520 664 40 751 767 762 21 837 499 969 153 626 711 963 475 548 290 803 141
722 976 272 749 245 467 612 600 304 205 382 702 129 723 986 864 523 170 51 189 324 246 684 313 540 467 211 903 969 8 301 96 314 791 56 754 929 888 249 615 572 340 472 227 812 7 783 111 532 895 853 575 202 400 155 722 38 91 237 872 257 459 123 472 635 897 935 230 332 613 849 885 264 510 250 589 879 470 298 499 394 515 46 939 827 262 485 620 622 761 626 397 917 114
668 159 792 37 931 57 185 651 683 21 162 400 251 603 503 360 759 135 501 835 863 592 327 842 990 165 199 180 467 944 902 472 91 87 712 831 455 462 516 412 638 999 714 310 828 410 937 689 251 336 112 743 491 766 764 62 117 332 617 461 76 247 749 520 477 888 150 872 86 973 295 270 486 260 877 935 822 852 141 207 747 468 951 926 249 989 245 102 807 528 882 537 346 820
788 883 466 152 8 265 64 333 483 18 743 186 411 548 782 221 844 242 452 166 322 321 801 194 701 144 699 18 562 225 554 523 457 780 383 712 184 768 42 707 594 559 607 971 496 268 848 650 956 427 565 719 829 255 999 633 275 363 865 907 720 852 111 497 269 575 159 884 399 705 487 458 450 317 637 920 655 903 809 653 243 215 108 558 25 918 535 82 129 866 112 721 549 23
858 979 19 552 439 831 944 464 198 406 479 816 629 959 971 253 112 327 739 434 560 47 338 168 202 484 116 70 400 200 697 450 513 30 359 225 983 491 348 951 485 525 12 54 866 770 518 545 452 199 846 583 982 643 513 794 760 260 71 876 61 90 793 985 966 857 117 629 361 554 408 465 623 12 971 523 556 39 795 616 902 614 810 28 858 322 427 214 666 734 590 679 385 451
873 767 282 250 959 647 957 382 138 546 894 594 851 148 437 315 812 445 600 533 234 529 340 329 85 286 404 438 193 912 755 825 454 588 131 294 985 585 487 300 278 313 278 474 126 142 911 343 680 273 369 725 143 598 581 122 201 518 558 130 919 795 527 758 997 302 861 302 580 816 740 552 857 246 64 396 958 342 875 903 423 187 532 908 847 356 820 104 591 259 418 739 697 E
7 84
P 188 799 263 840 180 379 481 4 300 911 125 561 47 99 124 183 658 380 714 536 338 433 280 927 218 776 281 750 395 259 789 180 576 189 150 141 737 250 404 56 266 429 582 167 891 675 44 885 940 412 93 462 995 351 446 960 837 138 209 979 84 195 388 981 638 973 776 816 162 600 809 525 43 451 596 409 242 414 488 76 811 631 111
98 718 49 657 174 198 352 983 502 503 727 332 305 303 877 761 39 932 839 682 275 280 233 180 127 108 192 314 246 753 736 70 870 585 321 197 804 985 941 319 714 995 320 801 437 730 338 434 180 610 124 207 407 317 169 975 32 62 288 22 290 230 681 993 746 905 220 804 316 508 72 719 363 475 428 425 743 230 833 298 857 853 83 572
704 935 935 62 808 195 453 489 520 720 878 713 424 158 11 208 461 681 12 169 55 7 659 462 970 426 266 900 945 331 958 341 362 78 374 177 859 899 450 393 613 554 579 636 871 471 894 819 427 905 983 284 346 285 354 698 487 281 329 406 517 731 1 260 592 486 735 496 855 31 582 636 727 115 830 378 209 377 377 494 266 427 713 220
853 605 96 428 512 192 562 787 275 459 344 99 264 979 782 212 89 778 71 771 437 752 164 306 5 496 279 715 822 489 509 718 41 691 152 334 798 888 355 397 8 513 602 812 381 197 592 193 402 92 684 995 81 900 494 95 707 561 655 812 364 795 322 45 599 294 793 227 14 872 998 934 568 88 923 617 359 638 673 600 154 813 800 559
790 377 89 621 329 828 872 437 823 816 536 808 545 762 268 67 672 410 806 341 98 133 959 539 237 28 836 7 302 283 372 966 730 248 932 33 126 608 393 690 275 326 548 308 861 409 217 616 19 592 424 376 509 854 281 518 400 464 171 111 696 42 454 944 384 84 615 416 684 362 511 716 956 607 568 709 581 735 400 855 855 921 630 522
298 60 414 554 87 910 48 694 504 157 6 671 540 413 336 645 246 726 700 440 103 311 38 848 769 359 281 559 598 775 21 853 210 142 197 125 904 173 867 235 875 345 575 397 658 135 616 491 906 475 249 127 937 628 406 782 508 891 138 393 388 675 599 528 264 48 756 558 332 403 602 370 123 701 248 938 994 277 660 545 23 534 279 639
281 567 962 884 659 888 153 202 199 171 10 910 291 829 216 951 5 307 914 950 208 390 890 882 952 683 997 829 237 405 454 140 413 205 95 710 217 632 162 171 787 30 677 943 718 754 759 330 222 777 261 669 978 186 720 546 212 876 856 519 214 24 774 981 717 279 815 861 366 958 761 593 305 236 874 838 958 503 366 620 751 250 356 E
51 43
P 897 175 739 465 792 650 829 894 986 16 865 858 799 950 294 992 714 380 877 894 901 600 813 543 238 656 197 285 865 991 98 981 265 628 276 922 307 994 171 644 291 534
734 729 133 400 956 238 953 126 358 230 990 888 962 254 513 339 403 846 416 442 504 876 82 126 101 657 825 651 818 217 892 429 992 756 548 76 266 378 911 897 714 791 301
772 287 800 215 70 395 137 715 612 17 524 877 257 953 158 435 864 115 918 96 694 851 420 750 896 23 752 168 187 693 388 28 968 199 257 738 877 833 695 885 278 500 980
608 787 728 892 992 917 50 342 837 363 762 257 867 892 144 583 828 333 479 355 477 837 912 655 844 592 307 511 527 400 544 435 549 772 821 723 319 376 586 87 913 851 121
117 481 914 719 250 757 620 889 534 666 343 596 873 534 284 614 674 390 896 605 547 13 122 259 441 700 73 256 415 278 735 351 696 316 703 27 84 503 33 414 977 365 108
494 109 618 602 380 906 865 836 607 66 334 415 974 191 471 8 876 742 790 785 314 389 546 707 239 383 157 655 326 226 172 775 354 397 344 842 864 135 632 450 774 330 267
174 809 65 900 231 483 164 82 232 583 213 246 300 159 856 715 911 7 263 926 280 61 859 773 464 371 945 110 638 823 848 328 123 421 323 546 372 614 711 746 698 876 586
164 76 687 861 680 642 452 355 969 657 781 946 642 485 537 813 334 644 945 656 731 707 530 221 302 115 493 992 824 38 477 166 280 817 165 483 892 464 615 611 509 624 201
262 800 746 283 256 58 589 361 746 622 574 252 624 618 428 622 331 112 72 5 859 930 906 829 891 556 606 5 985 659 784 939 659 491 409 486 601 92 693 607 506 308 601
723 154 587 772 273 119 362 865 769 211 950 832 557 662 10 720 455 88 728 307 806 900 170 291 616 544 277 376 325 504 311 852 409 955 977 436 483 638 657 740 921 669 172
703 452 939 404 471 280 754 105 398 950 31 551 335 932 597 893 501 641 249 723 108 886 682 743 708 927 350 348 771 720 466 280 449 259 586 237 67 177 936 808 295 336 137
193 121 654 771 727 70 149 436 767 981 45 530 791 827 920 735 601 982 696 237 383 872 322 720 202 922 631 475 603 504 187 831 400 629 17 465 595 685 356 25 107 980 834
268 340 742 746 831 241 633 72 565 953 378 928 172 470 191 923 253 519 620 572 30 310 19 861 641 610 186 856 327 478 786 413 689 668 4 919 904 158 379 506 487 755 417
729 394 490 52 672 763 500 959 288 118 19 531 228 589 170 604 83 851 954 669 480 377 13 134 552 856 689 245 224 588 247 124 230 294 306 322 16 618 188 771 10 556 330
996 108 760 117 496 71 203 285 305 566 403 554 161 644 997 588 164 133 804 435 388 457 498 971 796 250 897 965 366 440 850 462 987 406 910 873 344 193 587 146 898 313 340
147 128 64 872 689 298 947 250 860 719 976 45 279 102 152 295 310 961 720 916 554 646 801 85 857 503 308 340 677 903 470 950 491 641 316 323 848 413 107 8 412 791 944
99 812 216 485 906 201 608 802 277 115 985 944 265 292 455 995 987 185 866 901 335 683 228 725 412 747 386 788 917 350 924 332 311 431 223 870 360 172 187 860 99 596 14
364 71 413 449 146 284 396 625 212 711 647 340 678 755 216 41 351 292 231 236 100 712 365 711 114 218 784 852 70 787 492 335 474 252 998 558 12 393 318 30 682 222 618
238 574 26 970 197 74 246 349 374 796 714 444 777 68 22 860 130 472 523 296 795 453 651 159 863 43 827 442 590 734 396 214 629 695 541 888 129 108 857 884 501 831 193
550 126 735 514 438 996 948 405 249 537 227 446 935 238 177 420 824 318 978 712 532 273 434 930 858 953 264 71 452 586 112 482 483 20 935 368 1 227 683 431 846 13 966
475 926 362 895 767 328 845 649 314 169 531 5 835 782 618 284 479 926 326 65 997 609 809 817 136 55 221 645 97 983 277 756 680 209 155 260 450 374 856 133 92 406 331
909 458 683 939 790 741 281 330 653 649 200 948 792 756 674 89 3 28 220 610 411 618 428 169 626 218 74 116 505 9 805 348 262 167 400 701 36 14 574 929 720 950 83
34 160 153 138 161 688 976 837 737 547 242 583 666 863 664 378 576 320 213 426 923 295 270 707 10 460 984 263 206 929 898 129 909 694 827 954 364 792 970 235 671 399 398
568 463 127 544 872 48 427 86 461 414 880 813 49 896 960 107 260 638 191 124 689 39 935 675 887 13 281 615 25 932 528 797 322 661 214 352 265 329 730 787 962 708 300
55 185 733 702 196 345 696 180 580 917 291 931 909 587 440 729 648 23 276 634 650 897 31 384 475 448 411 672 746 287 203 835 45 891 5 198 19 941 889 241 648 126 162
882 265 811 583 75 757 787 118 336 832 951 622 939 791 200 235 845 581 925 170 117 729 766 746 749 393 612 25 918 704 558 442 184 74 776 976 74 593 164 256 961 666 108
816 613 324 188 141 685 835 891 918 591 418 897 754 944 708 688 685 728 569 191 82 227 343 435 314 192 48 780 314 927 649 98 634 290 866 182 514 512 105 847 6 78 968
672 884 225 298 418 604 330 633 445 4 664 37 570 156 793 917 608 3 399 407 886 827 268 932 27 535 940 614 118 61 938 102 805 178 490 518 814 627 144 774 724 645 553
448 138 594 472 95 413 443 356 730 629 343 272 439 938 430 730 872 563 28 742 170 377 50 291 622 323 295 944 450 455 269 504 656 704 619 850 935 93 441 629 439 614 357
372 586 589 816 57 46 792 391 214 878 340 2 88 519 102 656 444 63 109 480 345 987 765 507 748 794 4 471 90 251 576 468 498 970 258 405 124 417 733 989 456 41 338
816 169 137 200 247 69 321 544 71 963 843 620 172 661 758 34 392 86 98 221 306 671 867 943 889 536 493 165 304 814 224 927 254 436 754 537 96 311 482 107 672 268 648
414 621 10 45 88 820 812 128 564 517 476 186 851 313 946 119 201 437 779 338 492 769 231 118 260 794 877 56 28 283 78 538 64 51 182 798 371 97 858 926 371 373 356
751 156 27 172 884 670 513 970 583 871 107 525 555 44 872 853 201 506 761 919 620 428 440 746 188 871 804 868 312 740 513 986 631 183 931 303 944 984 410 263 72 815 399
593 277 26 861 799 305 304 750 842 922 711 197 880 431 130 106 248 34 372 513 878 998 680 328 129 350 555 812 625 478 169 842 912 233 323 841 701 267 273 733 757 399 195
284 32 987 570 512 769 49 411 663 44 554 435 975 472 713 58 293 97 457 626 864 247 716 932 58 912 593 802 105 519 589 883 100 466 729 842 196 561 981 826 430 597 732
462 667 288 132 175 659 824 258 314 451 243 96 738 298 86 606 894 544 425 226 352 508 430 979 444 911 932 267 244 117 760 855 733 32 745 267 773 647 441 664 167 509 374
659 463 235 486 180 789 169 219 246 264 203 236 771 287 854 200 711 113 585 119 31 283 414 565 394 805 630 120 961 88 784 154 180 609 235 300 72 549 502 408 605 551 990
998 765 422 204 208 10 210 455 900 711 770 907 734 527 988 248 945 371 682 240 429 267 133 331 812 157 891 690 648 807 482 858 923 909 886 958 870 863 150 352 904 484 335
348 927 302 711 622 426 118 759 5 95 441 596 613 648 779 195 894 562 169 64 476 891 271 450 655 903 678 39 674 902 234 944 392 533 795 475 362 206 464 231 881 237 612
609 826 423 356 150 962 588 422 113 426 544 937 771 917 847 511 138 769 270 660 116 493 91 799 823 36 827 383 433 998 189 414 902 685 592 65 895 282 574 345 900 574 820
343 164 916 579 935 111 582 58 797 593 709 798 455 876 511 543 170 542 562 424 7 838 47 421 636 791 80 84 332 725 836 99 46 582 671 25 342 223 292 297 549 897 812
405 131 151 560 840 990 389 101 505 323 681 827 855 584 227 985 458 195 245 980 974 457 659 125 160 900 532 269 423 64 401 493 773 133 359 493 54 507 510 988 247 301 974
976 713 885 368 357 106 965 703 698 675 983 300 541 910 278 648 258 73 515 923 289 916 65 51 722 343 107 474 605 47 433 554 26 473 818 761 137 493 311 415 819 509 91
832 655 334 523 474 81 838 888 702 502 324 742 270 36 692 878 838 798 73 558 743 314 312 409 704 999 101 547 475 85 637 182 839 117 520 844 783 695 234 155 703 380 9
855 801 507 564 852 850 497 885 473 519 56 240 426 642 104 450 371 481 719 199 450 27 229 411 17 475 716 964 133 986 811 85 364 888 372 803 985 626 159 388 965 677 309
22 673 770 484 968 206 329 306 74 828 154 108 177 623 394 514 431 187 630 597 740 85 222 874 935 762 629 431 485 296 837 562 941 317 786 534 753 178 587 625 864 755 626
944 659 684 534 956 711 441 730 547 57 536 431 46 770 783 475 183 65 504 105 858 537 311 998 554 464 637 61 582 445 107 722 885 739 471 318 700 157 390 287 192 738 374
754 608 429 457 329 625 793 288 186 983 612 185 539 53 764 888 444 212 771 350 603 182 72 845 120 120 555 513 911 637 478 805 325 697 797 46 493 115 981 241 570 343 606
6 494 97 892 753 174 84 209 970 31 282 552 829 170 923 927 41 977 589 587 614 78 304 843 174 858 757 203 423 98 109 32 575 197 257 826 647 772 13 935 493 508 529
843 889 969 438 328 899 749 595 879 704 938 19 219 706 801 295 303 297 560 379 563 92 850 920 96 338 563 312 566 300 642 333 514 738 369 417 389 307 423 993 98 862 903
756 528 115 188 551 959 317 497 648 716 180 891 303 990 923 616 54 345 977 188 85 902 38 825 793 719 159 641 245 140 863 835 518 943 105 559 478 749 600 725 220 437 E
99 99
P 611 112 418 818 598 945 257 782 202 735 816 325 14 295 697 7 355 691 629 543 63 9 961 485 450 911 990 300 776 544 458 805 123 811 254 802 181 253 54 472 578 384 25 157 65 742 838 560 352 376 374 198 212 711 77 9 366 523 876 348 704 566 617 622 235 453 555 797 549 808 616 181 475 99 494 945 898 114 565 893 26 305 39 745 508 71 998 548 488 833 179 427 351 473 900 777 208 81
387 158 484 511 99 215 657 653 117 745 207 425 220 71 850 382 195 950 731 818 46 642 876 591 959 758 60 311 55 398 996 122 69 856 849 40 584 800 192 434 95 871 216 881 581 689 589 123 17 31 930 107 813 167 811 573 286 626 282 306 566 295 910 422 808 828 472 681 760 842 358 668 281 725 516 82 393 232 334 529 702 166 759 761 219 550 283 804 70 465 114 245 427 975 929 84 242 145 173
236 327 605 378 960 354 677 347 854 511 986 72 645 815 671 16 581 622 764 595 36 264 708 335 790 601 553 550 467 849 514 448 371 39 380 627 686 140 549 431 562 292 495 393 689 891 314 237 965 366 981 403 173 608 910 430 271 365 280 536 359 122 746 307 55 838 598 440 681 12 715 409 750 269 387 603 563 326 107 546 387 405 271 486 973 140 727 742 249 948 932 778 717 411 146 885 149 775 240
871 491 537 113 607 446 785 132 650 178 779 370 528 624 543 640 931 630 543 705 240 727 66 625 615 522 301 13 167 936 637 667 1 596 741 363 901 773 913 241 779 930 980 670 72 23 419 563 591 231 338 662 458 993 318 844 886 881 568 942 206 930 855 461 245 250 799 534 64 173 551 499 812 325 682 336 176 907 315 38 327 598 18 903 601 383 468 860 612 619 75 44 34 152 238 196 851 599 438
625 347 851 790 575 398 92 513 901 339 110 754 59 684 863 967 950 988 812 990 384 802 188 670 283 735 863 623 304 978 958 73 697 861 893 628 379 263 150 938 774 127 268 732 278 368 90 306 142 242 678 405 253 229 157 721 268 488 436 738 572 257 715 485 574 416 357 286 421 758 758 879 806 967 154 324 209 898 576 695 263 188 363 3 560 325 299 238 702 124 859 617 997 806 627 54 454 549 523
719 822 914 61 207 150 521 812 57 415 822 222 664 711 315 702 815 827 775 663 900 716 759 122 748 108 821 146 826 44 753 772 451 318 479 839 510 951 835 847 467 370 563 1 315 514 431 36 572 120 166 119 706 930 744 748 419 586 43 528 652 815 742 682 272 680 703 887 36 253 587 403 645 54 130 420 251 718 717 125 655 936 334 268 39 567 498 207 143 693 40 773 116 27 664 88 774 568 604
285 961 267 923 901 246 751 434 669 147 922 218 235 946 778 171 291 929 375 456 942 80 803 131 496 815 899 369 348 433 36 751 312 244 575 323 32 331 943 282 256 795 952 319 637 989 74 179 349 922 340 578 712 943 891 952 593 769 324 723 158 33 305 774 85 460 66 941 100 396 95 129 961 676 554 145 391 406 233 161 248 309 746 598 203 983 266 647 425 393 241 462 867 374 430 863 666 977 629
931 532 690 282 378 757 672 777 759 840 118 367 40 900 899 619 749 182 202 713 973 309 188 771 437 845 121 976 4 870 923 879 631 303 883 258 105 527 556 726 938 425 826 5 160 78 661 182 892 637 682 612 564 706 955 121 369 658 808 605 962 67 706 993 352 80 337 289 194 994 372 553 389 933 953 972 488 669 502 624 44 484 537 335 655 16 422 71 68 880 513 631 627 793 846 643 749 258 723
159 469 818 938 839 693 568 293 880 732 845 911 586 388 688 308 955 500 29 309 339 342 621 717 110 382 348 35 337 653 598 150 423 491 379 854 806 973 623 373 900 390 756 829 494 754 36 894 265 72 871 479 158 571 888 178 259 100 310 658 13 681 314 639 371 178 834 891 886 271 468 980 627 682 308 694 187 762 658 177 880 477 822 830 116 849 289 450 291 624 216 954 719 34 744 478 924 915 124
958 306 118 235 642 218 432 799 540 121 171 964 203 678 363 898 318 565 428 24 562 518 257 395 9 91 831 477 469 548 383 226 117 251 882 613 968 972 920 331 255 487 378 5 167 769 168 882 75 688 402 375 625 264 80 546 146 67 855 180 913 666 327 966 837 966 61 287 951 484 973 17 405 962 712 216 47 37 915 177 27 827 453 118 310 688 93 799 324 743 555 89 236 440 473 378 824 998 442
728 695 196 691 409 45 254 386 431 356 347 844 533 995 73 847 69 106 81 8 866 932 636 553 927 36 183 220 352 858 650 620 808 277 70 327 824 539 887 132 165 888 511 240 28 559 338 640 237 938 530 367 548 824 618 872 902 115 193 989 41 769 210 7 263 451 815 153 348 20 877 84 834 592 793 888 913 65 206 289 726 469 173 714 2 254 742 930 906 370 852 318 705 103 914 888 324 405 394
150 393 605 560 457 135 540 187 349 554 517 480 20 272 39 820 211 852 863 210 892 649 244 403 687 138 492 467 16 885 492 627 121 695 757 693 974 384 231 332 382 50 551 619 101 615 942 151 434 896 322 598 334 162 229 245 704 75 479 260 596 248 845 721 565 333 914 206 677 441 399 94 589 639 844 227 57 216 930 313 23 567 466 595 411 541 629 541 813 500 297 354 917 915 153 682 380 550 168
22 323 593 471 516 682 812 207 949 998 872 835 853 589 370 165 422 451 522 36 561 812 363 924 396 721 422 684 184 962 154 886 108 226 835 33 321 96 560 122 551 605 894 250 135 515 700 199 110 102 851 5 975 28 968 128 508 778 170 516 784 243 274 938 766 800 618 845 145 771 823 272 478 297 309 450 704 216 663 86 697 295 577 22 832 636 339 14 556 58 366 123 942 234 595 63 501 889 665
206 82 981 206 270 934 193 100 775 33 742 615 175 713 190 652 990 666 61 286 354 697 492 115 487 140 810 491 87 622 128 814 655 413 914 841 874 358 245 495 906 753 632 674 338 901 938 939 920 446 389 1 3 62 69 366 586 892 459 810 270 103 692 856 556 834 621 215 379 531 181 886 404 111 672 406 581 489 939 211 44 234 910 323 830 51 496 698 183 945 301 295 450 126 15 130 634 39 331
238 197 716 95 59 654 445 547 191 14 185 271 962 154 537 344 509 788 947 636 473 465 102 849 406 961 399 475 741 45 374 477 550 758 429 250 708 269 119 55 864 171 744 946 72 419 896 851 171 243 634 780 653 936 599 860 464 651 880 868 77 151 746 638 432 762 471 663 462 304 536 242 628 999 259 810 452 492 73 990 38 176 192 653 830 566 683 895 530 118 414 385 282 714 141 555 111 915 217
687 13 75 51 479 916 749 512 647 123 614 749 730 280 872 665 920 767 278 616 727 796 965 972 555 755 29 746 622 999 886 67 188 432 820 551 777 270 996 539 513 214 475 107 597 544 912 404 839 671 993 604 350 530 152 58 361 960 160 610 648 941 844 929 159 987 727 11 955 687 330 212 345 128 402 53 17 48 971 379 665 16 536 786 362 783 101 328 198 301 797 918 713 98 613 17 197 155 538
715 460 650 928 601 811 210 380 322 536 537 348 119 917 633 467 965 706 215 995 509 137 125 311 246 555 172 361 975 370 239 891 552 807 45 523 393 809 763 491 397 243 988 913 567 889 236 504 476 89 156 164 366 180 713 978 104 183 373 441 409 484 868 536 702 118 237 657 242 58 822 176 704 172 344 941 869 533 686 985 435 567 826 354 543 170 40 100 323 705 700 126 599 751 42 193 992 626 222
492 466 577 650 917 874 280 385 698 444 593 610 79 288 513 617 961 365 717 125 888 676 974 736 92 840 920 727 151 30 945 562 417 871 485 673 282 374 592 657 849 88 96 106 801 657 583 115 798 106 651 572 289 272 107 444 243 123 890 67 831 889 578 569 521 992 75 816 484 566 302 888 823 701 969 21 600 849 43 502 289 476 621 12 911 7 85 609 789 143 515 346 391 198 761 482 895 484 12
505 499 586 394 570 575 4 426 232 599 607 252 68 557 684 944 845 918 619 63 550 777 852 165 544 524 956 523 369 31 156 966 74 44 985 851 423 615 317 198 656 900 858 50 208 706 474 601 985 58 504 748 707 698 144 252 833 231 102 922 337 256 160 360 409 188 948 303 947 217 593 565 39 641 787 575 521 901 839 468 148 747 802 499 534 902 391 172 610 409 980 459 201 239 551 375 941 215 149
40 393 207 206 851 537 42 74 494 36 520 357 883 106 747 754 767 582 739 103 376 356 402 833 263 486 739 589 407 976 314 506 82 682 598 832 333 605 807 388 98 85 863 763 749 478 531 435 789 912 316 963 422 402 660 616 438 648 608 740 123 395 814 785 412 155 669 730 882 703 518 891 836 194 413 284 577 123 320 941 624 912 700 773 844 358 316 677 910 908 118 389 309 679 568 510 203 155 978
8 583 154 756 533 837 718 440 533 587 201 7 226 300 210 854 904 965 864 137 686 859 810 873 20 235 700 557 629 202 59 581 413 435 48 280 519 809 403 167 483 366 593 611 16 387 9 920 809 877 819 429 747 609 267 398 940 293 117 520 543 421 880 986 218 2 81 262 837 840 7 616 227 299 8 576 409 816 290 46 434 624 986 702 457 435 937 969 405 452 88 622 829 549 286 592 555 219 980
898 104 549 555 897 482 678 825 839 456 211 686 808 23 998 515 407 298 282 36 491 251 213 559 558 691 356 640 843 830 254 908 356 625 218 503 678 293 428 139 840 280 981 816 29 239 886 218 512 418 396 925 454 430 205 545 487 384 517 166 513 381 161 598 114 786 204 385 241 659 658 54 183 366 287 311 350 898 182 660 539 13 618 143 868 880 779 420 682 201 138 489 429 116 69 886 305 645 640
308 136 685 269 483 435 523 245 156 234 781 514 79 852 294 63 193 993 55 797 602 817 724 651 478 306 791 423 545 353 92 606 474 51 536 927 265 494 809 556 478 244 371 913 225 505 651 832 502 166 50 995 356 599 398 169 540 543 72 871 136 188 366 679 554 411 215 994 376 680 392 317 179 807 215 369 615 186 483 36 398 951 659 598 774 847 940 922 330 724 680 641 830 507 398 326 321 177 139
835 266 752 474 165 439 296 485 388 971 675 83 512 132 227 23 321 121 256 504 411 699 255 980 198 138 29 769 76 907 534 213 956 219 680 970 650 148 343 958 403 213 285 71 106 685 983 377 824 21 765 850 205 464 359 884 512 985 243 668 119 865 161 155 67 190 355 282 611 953 67 305 411 300 99 508 903 557 591 474 678 60 522 784 372 299 295 2 97 438 735 624 42 610 153 969 344 762 237
496 829 117 352 645 952 977 465 442 760 247 45 499 416 670 372 872 777 841 292 164 886 666 837 10 15 207 992 326 514 360 849 585 212 198 806 226 251 501 948 237 374 415 427 367 871 345 378 780 841 604 666 399 998 738 22 327 493 988 916 857 294 241 792 650 460 201 990 326 103 599 829 924 627 29 247 403 604 170 690 600 869 367 979 630 149 536 818 575 508 791 598 929 718 907 947 660 635 755
77 938 22 489 353 208 614 990 568 477 980 698 942 775 842 426 622 80 220 524 893 932 819 505 122 88 877 218 430 109 258 762 356 549 206 51 729 206 858 558 293 329 568 404 121 220 843 837 319 183 879 758 490 411 671 579 945 36 115 228 478 42 95 324 513 944 179 999 830 822 465 750 479 679 649 762 228 808 565 491 141 656 544 671 809 146 22 369 571 542 611 572 970 153 755 24 877 686 244
479 597 800 117 45 392 75 864 629 516 750 621 336 104 428 398 311 907 953 88 147 984 332 141 170 389 426 88 178 681 893 385 600 894 940 149 565 969 500 593 15 911 881 585 413 30 964 869 261 6 508 915 931 71 117 313 445 443 765 848 108 317 965 84 487 35 544 862 954 531 729 279 461 730 200 759 342 133 187 809 21 300 936 805 787 286 345 587 817 69 910 877 688 978 860 575 883 220 885
888 274 109 938 968 860 976 336 34 548 609 627 680 262 543 328 799 557 809 518 897 25 716 231 659 651 457 327 787 831 396 608 679 151 581 125 451 93 1 852 158 490 504 71 581 620 597 96 689 231 281 849 325 391 673 315 854 817 360 681 477 847 549 849 487 579 717 480 634 503 181 218 291 777 683 51 160 570 481 591 611 484 780 994 103 163 915 182 228 651 943 488 615 640 281 921 586 713 190
883 858 939 847 848 881 100 832 968 292 569 237 550 567 106 576 738 332 604 954 271 758 538 728 885 190 935 851 493 907 762 518 795 861 602 794 435 886 903 591 107 41 211 975 653 27 715 584 356 296 913 97 519 531 109 872 135 517 141 483 947 251 467 872 928 370 652 839 13 411 919 933 527 285 578 416 81 991 339 417 503 535 823 532 590 990 519 772 321 375 304 745 695 238 930 990 972 724 493
710 391 237 990 462 399 492 688 986 55 363 851 24 122 353 470 107 222 6 794 693 439 963 718 450 166 147 459 790 543 981 511 64 81 149 105 876 345 729 483 134 655 175 300 803 70 966 397 702 701 121 769 580 162 929 405 468 962 389 311 644 680 377 607 89 815 971 915 779 535 813 238 380 477 598 861 31 968 906 55 802 309 107 852 407 899 702 794 579 741 591 833 765 230 589 274 393 908 497
592 550 456 859 234 861 249 303 37 134 993 317 909 503 666 394 729 880 350 368 848 817 553 120 31 679 183 510 473 784 341 605 599 814 874 651 683 970 178 140 58 940 964 157 569 288 328 565 891 211 621 940 861 554 610 308 88 600 247 335 273 552 570 920 655 813 119 606 532 333 145 372 851 251 222 122 878 680 42 32 702 396 764 724 737 704 86 122 631 472 475 565 465 893 86 866 154 683 656
595 78 842 3 607 908 913 605 541 970 191 872 439 222 303 363 963 937 817 323 835 366 51 110 248 756 292 253 190 65 820 355 474 682 502 995 93 219 99 263 913 208 123 672 834 781 899 231 208 691 659 816 282 666 832 209 356 630 513 202 868 284 833 265 861 945 762 115 749 317 443 988 430 566 606 854 549 378 705 579 810 672 763 927 985 627 701 698 14 544 284 126 932 261 377 303 535 638 438
444 990 795 233 487 702 59 343 613 957 444 974 14 663 899 539 278 429 167 791 153 907 550 239 694 390 138 284 800 698 395 120 186 627 615 315 827 465 360 72 148 861 687 167 586 318 411 519 60 976 314 530 708 993 618 834 10 565 510 929 569 680 518 890 262 623 805 745 843 596 213 174 848 448 430 103 492 460 571 693 276 41 103 916 805 790 97 527 819 472 627 455 145 236 373 675 711 37 307
477 303 394 62 983 92 968 763 425 764 436 407 457 273 762 44 65 902 922 982 957 206 900 85 971 590 501 607 739 29 740 855 87 435 404 334 766 690 133 373 163 310 993 393 719 661 985 313 367 621 395 843 892 550 534 693 316 950 540 585 425 523 233 642 442 78 563 663 190 441 44 275 533 911 289 575 949 858 437 565 355 191 499 369 692 632 676 107 657 167 703 399 235 614 35 442 616 494 141
189 61 472 761 291 58 19 924 721 698 961 279 355 579 660 458 929 649 652 508 793 221 763 447 297 41 566 690 216 471 635 391 148 625 553 708 397 754 808 191 230 257 760 169 970 266 153 252 231 907 691 921 306 807 869 720 83 247 637 819 271 227 94 321 350 16 371 1 458 476 832 273 861 619 336 397 113 615 42 491 708 11 505 749 29 450 390 239 510 633 867 608 345 419 762 817 709 42 552
318 411 494 244 911 960 919 919 110 511 62 527 74 275 73 669 796 665 311 17 950 255 153 801 987 696 942 809 29 454 568 973 846 272 516 135 80 739 240 544 870 236 36 637 752 848 352 342 127 624 603 595 437 396 569 413 128 37 118 472 907 265 318 89 275 906 950 951 548 321 138 983 468 271 524 714 355 626 409 571 293 703 728 94 299 188 72 482 241 954 804 820 53 302 555 153 118 742 476
390 468 799 644 507 191 412 664 429 16 837 829 545 116 373 703 876 924 627 596 407 224 83 698 427 625 795 846 872 340 832 327 942 358 246 301 791 459 900 937 891 727 318 27 486 389 410 277 30 696 212 522 967 423 14 217 246 836 253 487 821 176 137 704 939 358 79 733 47 370 732 956 428 554 924 994 192 269 306 545 349 628 483 575 166 885 164 642 34 964 369 515 61 959 482 142 711 249 586
201 57 291 193 35 886 73 441 291 40 484 974 845 605 779 172 958 376 402 260 470 862 705 904 228 260 646 912 912 558 360 999 305 29 568 784 818 506 948 903 874 157 793 178 211 467 788 123 328 168 462 535 290 464 88 412 450 327 852 278 590 58 154 738 873 793 405 877 842 324 284 395 771 161 806 911 702 250 24 220 549 489 446 425 537 95 577 162 680 165 624 516 713 289 227 405 714 102 752
303 321 531 765 89 63 111 671 339 672 786 754 548 372 413 685 310 340 234 968 184 754 502 76 672 304 766 286 368 837 13 14 222 110 61 300 871 363 392 621 371 221 936 871 205 883 405 545 504 314 887 360 648 908 712 638 589 729 981 620 584 939 750 790 632 91 414 324 69 81 217 74 318 246 552 929 179 489 246 662 929 152 955 565 923 584 799 755 734 844 908 577 149 517 628 768 695 43 703
591 724 20 203 596 825 997 192 129 403 521 894 20 3 216 294 434 891 624 292 888 634 81 685 892 794 21 355 23 69 485 368 379 602 889 816 823 800 719 320 290 283 258 179 522 871 967 143 580 758 485 706 493 11 391 68 818 804 601 577 863 289 407 44 839 957 224 782 769 456 409 430 444 331 781 22 847 816 585 316 300 903 230 504 155 461 376 879 757 174 588 579 962 944 396 839 339 366 823
410 290 730 218 988 308 183 454 82 70 156 411 891 441 804 728 144 242 887 456 501 818 955 344 554 476 657 164 847 653 811 288 761 789 209 578 584 186 30 555 703 595 719 458 623 610 143 404 649 936 83 499 525 565 409 141 515 674 267 859 519 345 942 15 887 368 473 270 552 931 951 680 384 119 144 907 9 341 561 647 663 410 829 910 221 231 741 828 478 837 981 981 514 796 64 124 296 181 401
268 184 366 923 185 902 899 964 108 292 906 897 193 875 85 472 376 844 662 76 880 277 698 353 331 30 224 680 83 983 373 53 661 432 16 195 40 752 69 185 252 972 118 78 620 155 647 213 451 63 977 155 627 751 719 726 452 541 945 320 912 938 120 121 998 706 911 18 478 277 445 542 396 485 433 777 202 800 241 201 726 890 9 960 870 848 407 707 931 890 122 121 775 261 191 284 631 131 133
609 962 418 164 287 767 495 303 752 172 224 130 805 220 172 746 148 955 178 468 249 681 702 885 919 596 255 895 104 717 670 237 184 725 890 99 776 322 76 34 188 39 837 349 734 469 19 760 584 483 884 307 294 792 467 642 893 806 601 272 614 3 363 913 120 830 235 511 20 383 245 688 282 835 655 164 339 580 912 574 239 189 994 326 30 336 265 259 359 616 382 602 418 144 620 899 922 593 852
340 602 743 871 715 80 34 309 941 465 304 293 507 135 226 366 872 206 937 403 405 870 923 361 467 52 52 924 830 193 963 840 81 917 741 702 77 817 649 106 526 640 653 47 521 290 725 847 616 330 96 282 747 468 400 876 317 878 951 381 682 114 543 383 905 922 260 381 220 593 779 81 21 300 426 330 97 102 538 389 868 159 15 828 166 102 354 685 848 63 418 338 933 926 579 398 271 746 337
214 985 988 975 148 681 512 338 294 443 692 926 165 386 299 304 113 846 759 510 252 489 450 392 460 495 385 863 557 325 458 328 621 638 829 554 170 163 230 338 297 104 624 509 987 419 157 261 182 902 894 464 317 864 115 853 729 496 334 17 227 115 683 358 461 98 951 546 494 582 847 758 812 211 507 967 282 688 689 106 35 126 480 777 454 37 385 264 703 482 474 735 916 323 308 914 161 336 610
588 168 701 40 876 361 176 165 530 724 471 412 545 245 906 783 738 871 770 909 266 211 118 201 995 396 675 334 831 562 794 785 151 245 230 887 446 561 479 30 916 323 939 878 591 789 410 117 659 751 370 507 277 152 499 700 535 100 500 585 454 457 449 702 32 21 104 796 292 687 659 289 919 696 985 700 460 683 361 693 755 927 802 102 128 585 926 844 561 890 556 601 810 236 739 441 320 115 191
819 416 706 83 31 14 258 820 161 632 862 144 99 769 941 649 765 460 87 335 552 902 274 44 236 624 352 30 168 318 348 147 949 442 5 718 331 474 993 568 883 337 900 969 38 244 705 203 265 264 29 123 54 450 393 260 726 741 806 392 71 694 358 107 641 674 362 4 255 787 776 260 1 379 448 27 925 998 836 153 587 71 991 565 653 632 999 806 500 253 110 503 471 714 438 730 742 194 350
373 96 632 179 811 21 696 571 591 250 561 945 781 622 447 373 608 683 260 105 338 599 75 141 728 950 224 892 806 273 139 231 245 975 182 922 245 146 110 315 831 592 64 107 312 247 560 121 256 289 6 79 944 775 510 810 323 251 313 821 480 104 37 654 17 713 446 679 793 622 409 423 286 775 110 560 860 220 50 461 557 189 135 595 857 240 350 776 576 730 714 709 244 762 852 984 148 182 284
891 54 936 686 388 876 835 936 991 361 160 960 833 606 257 945 2 528 760 699 920 102 206 889 380 580 126 391 478 441 149 822 889 216 118 509 160 273 277 408 669 440 536 699 358 137 328 674 511 703 595 567 90 399 764 815 840 552 677 148 68 655 309 667 932 841 577 93 154 383 771 895 60 132 831 754 730 406 725 855 375 828 881 415 89 833 602 593 633 455 208 189 534 570 295 223 927 520 460
137 552 426 802 915 405 638 520 287 973 416 83 202 105 84 329 217 317 610 437 825 695 816 710 688 446 665 722 649 768 321 58 945 13 360 412 271 647 908 632 989 101 191 906 943 646 599 775 112 560 370 642 774 451 834 678 368 848 289 615 575 167 559 913 585 29 438 123 24 794 787 931 597 782 148 409 11 413 76 581 345 340 270 425 530 710 488 219 800 588 190 723 383 194 527 351 568 651 927
888 440 349 255 705 370 561 747 472 813 173 837 182 291 843 745 297 309 629 398 623 350 605 745 106 795 643 881 599 445 288 695 143 608 841 374 490 271 67 398 470 767 437 9 772 264 773 705 634 126 145 740 345 323 28 904 441 154 369 658 537 653 77 103 732 355 723 881 648 212 783 618 500 208 93 995 139 889 345 375 647 696 295 335 142 374 83 280 30 458 355 744 978 878 940 7 169 929 6
814 91 183 514 289 894 590 747 755 984 77 846 262 186 797 26 418 68 284 274 894 659 624 272 326 123 657 332 889 865 947 706 406 608 991 591 908 598 178 786 145 726 548 714 329 150 131 546 494 759 109 345 44 550 130 619 350 625 795 919 153 890 377 745 582 394 927 481 798 537 832 358 198 49 597 873 382 112 809 5 454 632 865 273 69 950 323 121 39 85 428 443 504 858 451 650 506 9 523
347 701 239 373 253 617 89 237 44 36 232 949 207 690 229 892 14 259 881 235 1 555 477 855 997 350 759 907 303 914 926 640 112 255 340 900 891 608 841 962 295 869 903 237 65 952 992 939 920 851 450 927 442 611 569 670 394 135 791 820 659 222 836 943 692 908 77 768 388 996 844 783 602 504 580 380 842 551 281 153 420 567 758 650 102 812 489 370 463 255 961 504 793 703 454 223 203 365 437
665 302 473 713 114 159 337 474 339 552 980 21 409 169 868 268 913 253 615 692 834 286 348 753 105 256 19 477 846 100 400 585 34 678 718 24 611 508 25 755 991 105 418 109 145 235 196 729 561 400 685 797 956 911 217 528 936 263 431 718 27 915 675 228 944 586 574 312 831 740 899 220 432 841 174 251 832 963 759 96 301 897 622 745 252 611 585 20 522 965 364 186 842 447 850 518 861 814 672
328 427 486 917 52 573 577 874 224 738 796 650 627 823 658 626 983 625 591 435 163 355 706 317 53 416 86 471 368 449 612 755 995 406 904 353 998 206 505 683 933 855 385 545 743 999 120 276 908 412 404 775 471 20 366 708 474 347 263 573 105 428 562 230 332 205 398 783 504 707 802 213 800 664 974 619 34 495 961 544 916 931 302 423 346 146 887 886 250 525 511 504 200 15 357 266 324 4 552
994 115 662 167 472 626 824 507 994 619 301 670 250 511 568 908 441 990 832 504 255 871 840 399 868 794 578 692 489 792 885 142 861 336 54 783 136 415 392 532 495 153 74 641 993 453 229 473 925 453 454 319 983 662 961 624 333 176 323 942 513 452 156 580 227 667 604 592 302 815 228 900 471 801 73 895 650 366 123 193 178 498 383 466 549 888 482 950 45 373 199 745 391 477 908 357 906 946 544
293 779 74 989 652 879 324 74 203 742 460 972 462 647 151 637 666 828 436 672 850 346 287 460 447 47 713 88 35 950 792 272 32 611 485 180 325 6 384 950 214 539 534 956 735 286 296 990 766 877 542 306 181 498 578 713 92 588 700 738 863 173 960 258 770 799 537 958 319 436 115 749 692 833 943 75 612 769 56 329 375 73 950 32 279 99 497 548 661 641 988 870 651 300 760 769 628 416 627
774 855 659 100 839 918 636 293 990 843 783 302 875 528 856 795 789 129 476 769 350 508 680 801 349 856 14 629 365 27 715 791 280 570 202 793 37 418 161 513 232 524 867 379 658 678 290 823 235 866 855 536 409 952 91 236 108 522 672 466 752 411 336 894 979 694 296 699 472 987 509 720 50 907 409 7 716 309 34 878 382 680 865 300 145 130 230 835 447 654 353 74 300 971 767 286 104 724 889
889 714 452 81 468 252 10 543 147 558 580 560 426 677 438 16 704 265 451 913 821 823 406 349 475 402 657 589 234 803 574 643 586 498 128 797 782 284 916 653 347 527 157 969 618 19 333 428 716 813 860 4 719 628 503 951 427 921 316 865 488 863 782 462 598 418 786 412 482 254 243 95 643 328 217 845 987 306 627 283 840 967 705 476 211 232 963 275 939 989 439 221 809 551 233 884 262 328 412
443 260 364 415 676 293 859 418 458 408 546 342 670 243 895 102 685 861 853 371 320 961 816 331 494 885 82 933 624 593 347 648 869 749 527 69 821 88 208 117 974 19 961 765 14 876 703 153 463 857 108 614 70 189 257 916 439 92 915 993 337 150 473 619 87 164 723 911 145 746 275 828 351 17 269 598 274 78 288 46 252 503 725 692 356 412 700 637 405 947 366 220 208 139 724 342 55 168 709
405 723 802 863 93 798 693 72 197 2 496 123 899 520 308 517 753 385 671 495 417 816 160 513 725 342 350 75 32 916 157 852 688 306 127 845 435 272 47 96 554 126 220 122 783 443 482 162 420 988 313 8 420 591 568 745 796 980 405 890 940 652 511 183 10 256 117 780 6 147 689 534 675 800 664 135 365 717 386 223 526 630 278 444 253 803 263 114 291 216 287 192 313 43 636 795 527 210 664
580 596 659 499 152 688 936 663 414 483 424 501 726 154 760 82 205 956 461 274 462 505 426 576 449 62 988 395 929 879 27 63 670 350 752 765 595 481 335 38 566 568 955 418 25 764 726 544 3 303 738 726 427 107 607 580 766 662 83 356 731 482 567 296 689 794 347 664 425 313 939 598 99 582 655 919 942 154 360 220 553 484 787 645 181 461 758 523 491 554 319 562 803 551 470 308 577 569 406
473 686 151 841 125 877 284 270 39 346 202 917 15 309 935 631 701 855 61 618 725 842 441 485 147 117 552 394 480 641 297 306 445 770 909 36 759 811 475 11 660 151 408 728 316 862 320 671 385 441 290 232 194 726 847 766 171 486 26 440 995 557 326 631 567 904 379 71 549 878 698 700 519 968 493 248 77 935 409 904 391 775 378 765 612 611 384 622 316 27 828 195 554 970 78 756 677 838 517
396 244 929 405 485 566 197 145 676 220 778 969 70 234 971 389 383 108 808 668 441 640 510 804 954 818 63 282 516 360 414 320 914 945 855 615 320 849 389 944 706 698 856 84 727 752 834 100 831 858 895 174 975 221 460 858 280 193 193 635 499 406 269 287 297 213 567 824 235 214 997 709 372 366 103 425 379 803 49 522 136 740 111 419 912 27 450 606 432 437 96 800 753 444 849 611 162 183 716
589 817 157 456 424 135 534 336 221 194 685 476 81 156 595 764 812 449 635 79 217 745 653 452 893 911 233 260 905 73 173 659 957 629 676 183 141 454 935 556 964 78 594 249 678 614 723 78 217 298 23 329 972 815 910 919 516 293 430 250 185 487 106 453 669 164 809 83 686 691 294 734 388 686 201 970 730 564 406 840 353 701 910 589 628 458 243 192 171 65 60 618 818 831 573 17 880 722 407
679 796 869 119 460 586 452 899 279 667 360 853 749 649 848 851 611 775 672 130 607 619 201 108 173 821 201 226 982 896 544 230 344 645 111 902 564 992 956 42 26 815 787 412 165 558 854 832 849 245 916 530 339 114 108 754 675 809 200 386 480 925 852 405 612 935 411 849 395 129 638 97 745 468 336 13 949 846 728 840 817 206 725 997 168 203 806 756 761 297 498 499 594 268 16 275 864 777 912
194 19 57 457 529 93 258 728 72 854 751 926 695 628 156 167 8 680 294 590 105 916 95 76 882 583 956 200 362 347 989 286 573 5 143 244 189 856 682 649 149 782 165 554 389 633 492 130 722 228 852 19 673 528 573 712 910 208 902 792 916 558 570 391 877 525 570 704 119 964 679 831 588 928 624 144 225 339 992 951 697 829 560 871 307 620 408 760 426 997 372 771 805 530 677 498 27 296 275
508 106 178 216 435 246 619 813 356 126 620 661 997 6 912 31 337 706 642 45 146 283 145 532 984 604 638 581 386 977 581 557 422 910 606 8 789 425 770 635 16 244 756 249 722 911 690 975 341 60 218 81 987 787 399 260 589 753 801 885 97 724 953 56 427 371 7 255 182 605 771 448 746 52 682 81 620 223 258 75 94 954 388 773 502 580 996 504 801 448 173 102 739 743 753 789 859 324 436
427 97 411 635 568 681 266 962 370 401 729 162 213 244 827 125 344 71 464 655 778 665 612 405 677 559 793 998 65 881 395 57 857 448 99 614 984 192 146 165 905 855 766 668 107 774 335 377 169 65 327 409 469 702 464 39 557 183 819 735 341 129 596 459 40 962 722 169 89 171 103 552 514 762 251 174 952 794 498 113 753 970 55 723 113 577 710 630 378 173 920 86 624 189 477 887 893 118 269
245 705 373 202 423 919 893 21 868 766 495 617 384 585 52 487 305 107 503 559 589 51 496 854 76 33 892 938 467 267 830 674 37 102 890 226 827 391 153 888 709 909 111 948 533 873 438 995 356 757 881 197 732 876 438 775 654 644 939 966 924 76 593 535 599 24 142 655 960 139 377 848 575 457 25 212 533 768 910 558 515 734 507 453 575 15 284 546 902 822 423 979 948 425 504 858 814 55 583
137 322 799 541 954 435 389 939 817 749 825 636 880 413 618 483 24 558 186 13 908 508 351 979 244 136 939 643 302 5 744 644 455 942 371 28 830 241 970 223 44 605 559 659 149 614 55 954 593 855 778 458 475 388 511 177 655 542 433 716 624 153 77 187 676 463 483 330 572 854 68 595 441 844 468 15 253 100 344 256 404 689 967 427 223 170 29 431 655 6 254 53 63 971 140 479 192 297 602
820 816 194 520 16 630 471 563 501 657 12 998 946 170 245 164 783 571 95 251 273 677 955 187 634 671 30 324 438 423 743 505 605 347 374 846 175 566 248 641 850 513 332 441 629 195 789 327 996 66 235 842 92 961 88 142 382 382 774 659 930 534 866 892 730 152 477 542 98 170 529 905 790 499 714 444 582 818 939 708 378 515 572 544 571 656 951 835 278 668 125 660 354 994 340 313 989 220 510
867 550 163 723 981 661 829 819 583 14 461 157 648 330 616 838 27 747 149 10 435 342 65 512 360 296 364 764 328 226 225 919 279 26 238 783 180 165 365 31 376 681 129 883 150 544 530 954 813 656 323 626 140 802 437 669 83 409 262 835 945 43 586 731 979 929 801 525 477 409 879 41 125 861 857 260 725 44 8 38 163 340 349 766 673 322 165 162 460 846 396 838 945 128 179 233 136 476 485
546 953 935 733 124 979 739 52 901 462 626 914 441 787 115 129 871 594 900 593 742 802 298 585 389 223 476 939 417 56 568 830 142 588 623 785 893 384 235 822 673 914 375 285 974 330 896 245 445 983 651 720 750 118 495 718 10 745 298 189 773 141 621 138 742 760 933 909 441 417 599 240 333 543 778 195 16 762 999 91 610 473 872 903 339 640 615 698 420 335 647 704 997 132 495 50 21 687 978
59 854 411 989 579 188 487 404 180 489 797 127 946 519 62 913 834 96 93 219 627 623 840 176 355 16 70 887 783 342 46 38 139 454 568 946 530 964 38 584 364 775 390 181 915 526 911 228 276 530 818 158 754 676 224 782 353 803 21 299 512 641 226 8 529 864 457 93 486 625 230 361 18 540 326 452 975 72 120 257 366 787 226 872 309 789 79 777 165 135 222 597 549 631 501 713 975 63 94
986 682 343 384 395 834 293 352 271 929 867 776 703 472 471 148 353 956 60 350 343 467 485 181 612 911 130 958 425 65 543 740 850 733 180 251 103 794 671 686 656 267 682 491 266 66 62 674 941 261 883 684 209 738 415 19 531 397 36 25 628 326 18 234 984 112 701 74 985 367 13 814 662 580 836 269 807 195 459 107 847 218 31 312 851 324 394 613 954 789 540 670 94 553 308 397 413 418 300
35 868 470 534 796 711 248 583 621 204 165 176 411 382 216 235 549 406 954 249 31 332 692 572 707 166 103 260 353 283 18 296 197 88 844 906 586 821 316 224 901 715 644 227 40 311 378 669 119 942 969 781 572 454 106 406 260 665 518 642 874 917 291 49 177 858 402 490 387 203 229 755 24 29 775 273 63 945 284 577 930 768 952 618 414 183 376 205 443 721 892 853 68 831 21 850 565 110 896
80 56 227 858 496 123 943 786 437 439 435 38 142 907 355 112 813 178 402 154 22 779 782 137 99 997 111 317 791 785 783 504 452 721 129 612 631 223 698 423 324 515 730 584 324 439 715 575 29 466 494 768 638 193 390 334 866 925 261 440 836 947 954 67 470 825 797 99 930 214 94 170 657 329 463 44 723 153 580 625 420 727 397 83 615 626 192 402 140 248 444 170 577 26 898 599 399 384 846
401 769 717 404 112 37 386 30 477 392 10 832 320 129 246 798 781 620 496 161 936 160 342 410 254 533 924 247 144 573 491 384 145 313 536 320 543 202 16 117 285 944 230 934 571 59 294 489 890 70 868 462 942 627 347 48 1 715 523 470 908 78 337 318 461 283 496 217 683 448 33 749 331 891 883 111 24 92 817 298 87 519 837 752 709 272 962 130 310 63 229 513 158 45 970 900 936 621 349
860 594 680 304 627 364 455 163 297 984 130 487 578 811 773 519 641 350 327 228 76 717 580 995 946 54 665 905 164 917 827 139 531 925 895 72 885 840 410 808 206 697 798 906 645 820 653 704 871 899 885 779 238 116 687 96 256 974 485 695 159 743 208 71 657 859 727 730 505 192 867 151 841 672 458 811 281 338 452 348 380 694 717 600 124 349 329 829 750 660 539 152 952 958 507 421 120 426 342
540 825 169 62 257 800 349 965 356 206 87 521 818 513 741 192 352 164 922 813 957 49 996 377 402 772 851 47 153 778 654 714 595 223 593 255 578 632 156 203 218 303 444 90 718 474 762 563 830 935 872 616 385 70 628 26 861 374 721 985 551 438 557 212 303 487 855 383 110 42 803 938 890 778 964 968 557 23 6 900 828 168 382 825 827 184 186 287 612 445 397 667 561 708 660 125 938 444 464
14 798 74 425 300 506 833 162 330 483 529 503 577 998 712 420 439 539 146 190 298 970 120 525 403 621 20 230 513 844 419 112 837 172 890 178 484 746 80 732 738 126 438 739 506 802 266 44 832 66 377 609 653 865 371 225 792 766 808 887 402 301 843 656 646 203 699 980 790 115 147 586 738 344 233 729 461 444 406 542 433 392 950 863 187 132 379 485 657 374 92 697 891 289 902 871 521 357 428
554 636 773 265 668 930 922 707 541 121 106 892 227 858 738 834 383 817 220 913 332 891 104 789 394 562 439 724 861 435 382 840 846 337 824 484 226 757 355 661 678 47 999 265 995 33 255 513 289 701 378 269 260 841 42 365 672 149 368 487 317 549 925 407 911 336 940 221 821 278 343 523 421 227 255 259 479 157 306 530 367 649 733 146 748 475 980 871 349 105 875 381 709 312 833 704 921 613 12
572 46 703 740 17 71 13 461 231 301 57 27 847 210 67 219 538 844 365 254 81 776 893 25 291 603 709 605 292 264 607 980 521 319 890 369 357 225 344 76 926 103 428 568 715 546 879 206 22 864 856 382 674 707 810 596 269 211 276 503 720 275 609 869 83 16 386 581 155 648 811 624 442 120 366 396 662 407 613 106 478 795 605 766 207 704 631 858 158 240 519 70 487 564 464 165 431 267 397
315 32 398 886 27 652 394 507 119 610 338 896 606 197 357 707 869 933 867 725 846 890 968 684 80 301 57 334 763 464 231 434 159 518 387 541 786 668 319 327 941 735 365 454 679 78 235 633 657 591 512 978 832 910 196 95 958 796 415 279 152 606 613 463 110 100 997 973 882 272 437 657 781 58 387 378 903 267 925 763 405 68 927 375 710 752 685 813 923 582 350 935 810 140 933 122 477 842 120
924 549 456 790 617 762 670 914 801 935 472 953 602 635 855 74 341 756 294 794 538 292 346 354 838 54 434 565 785 20 656 684 83 286 5 750 897 870 970 502 84 252 983 470 349 391 913 64 487 94 868 8 198 232 631 71 194 931 932 834 604 100 306 164 634 440 165 927 958 870 627 18 564 693 918 465 615 435 105 297 684 729 913 732 770 722 532 387 940 366 404 256 810 505 725 451 332 385 185
538 538 982 215 956 129 721 355 773 781 818 303 512 622 451 405 20 297 958 937 599 747 849 837 682 787 925 32 490 231 251 612 487 223 22 900 246 257 513 387 658 409 603 788 327 628 517 796 33 738 29 563 570 16 315 767 25 369 253 470 439 26 312 71 539 138 81 654 824 477 728 875 33 831 698 97 654 940 692 994 126 570 390 245 571 596 887 221 759 688 64 19 501 533 437 36 292 577 7
846 548 641 734 127 520 860 227 151 142 825 963 323 163 874 995 238 204 444 894 802 616 604 5 347 279 96 312 629 98 604 621 238 876 221 297 85 238 707 246 406 849 393 48 240 702 360 201 205 575 497 8 337 281 594 715 721 780 333 889 10 78 769 243 317 724 755 780 841 935 751 532 693 913 162 239 802 829 253 783 562 150 215 371 487 655 84 995 82 500 180 960 311 496 250 206 605 205 902
816 240 387 388 483 212 241 610 188 687 305 675 690 141 89 196 983 35 848 526 744 143 706 307 30 548 717 237 383 89 834 876 695 284 922 754 692 87 779 508 218 555 942 900 332 595 396 605 852 20 279 130 775 456 109 901 325 301 309 253 226 178 388 975 682 407 546 813 670 618 738 428 41 255 724 646 100 428 421 335 686 877 565 589 793 706 582 338 757 122 758 783 186 976 558 19 182 392 358
974 836 438 925 818 378 599 558 469 988 189 386 215 818 718 100 893 491 686 31 647 382 111 456 532 526 444 722 450 614 702 320 124 453 381 796 302 444 417 919 689 286 392 840 723 739 514 958 536 851 932 541 207 975 490 291 406 799 812 115 164 214 507 745 36 225 373 439 352 484 850 205 920 986 879 865 316 922 121 214 933 772 831 348 183 367 384 711 501 431 344 860 953 926 369 985 646 828 99
696 338 231 825 276 80 947 749 715 983 948 849 244 602 303 293 522 934 858 985 287 326 91 312 362 545 185 123 423 709 718 659 356 420 586 529 287 248 147 577 155 174 896 219 884 242 256 225 84 993 980 669 841 730 763 329 541 113 56 7 547 554 19 967 979 954 208 780 272 164 937 908 191 301 75 870 458 428 46 3 88 555 478 596 62 550 834 515 835 237 612 129 637 236 613 902 203 269 694
471 357 282 585 760 176 437 904 917 940 675 638 759 80 601 817 908 137 314 180 436 634 566 8 882 235 90 885 589 491 964 567 829 567 192 326 948 969 312 202 575 46 116 757 773 548 692 340 816 785 621 849 51 342 154 24 976 322 413 111 4 275 817 304 198 310 332 559 767 5 3 792 374 233 892 877 815 868 681 754 6 393 621 769 304 294 476 954 563 865 10 321 873 49 122 130 970 963 727
447 287 468 605 774 609 487 514 143 537 733 361 172 493 135 463 140 696 988 725 749 62 925 884 953 744 904 772 841 96 241 664 587 173 884 594 271 403 770 125 760 896 314 153 634 797 834 611 11 961 14 843 853 878 604 645 600 907 721 338 699 900 905 987 819 182 865 125 47 976 627 443 531 224 232 863 130 563 635 944 242 991 389 945 634 437 248 801 90 117 620 616 202 299 19 369 229 682 627
76 188 669 130 304 940 313 636 962 527 217 574 724 236 869 304 910 296 701 432 764 698 729 372 540 314 585 573 164 434 537 637 185 435 504 496 748 915 814 519 301 384 25 864 918 420 695 819 497 468 690 672 823 517 270 147 365 720 698 626 187 788 575 862 50 661 686 203 778 415 710 824 16 927 759 305 227 972 538 782 662 826 501 619 845 582 849 931 506 158 501 732 846 879 42 662 277 739 650
735 32 369 196 18 394 935 64 658 179 686 874 394 526 198 245 840 777 910 629 119 809 794 317 420 590 273 480 342 590 911 680 643 542 383 595 9 617 404 821 106 289 56 936 193 979 147 343 187 290 364 792 294 564 493 153 438 29 898 500 243 396 623 80 43 173 785 569 695 629 660 156 412 977 842 909 932 424 814 671 345 412 825 576 118 225 723 777 635 979 590 550 325 571 989 60 665 343 961
973 15 732 906 232 937 338 499 807 60 406 644 714 643 493 768 573 311 132 679 360 17 304 60 34 242 934 946 438 721 243 617 542 686 497 302 392 173 90 112 507 627 444 705 123 186 626 534 64 768 693 946 459 793 144 21 747 890 483 982 533 446 431 736 921 604 702 278 349 212 485 861 169 538 946 539 122 639 915 479 237 247 762 780 64 727 16 644 38 127 834 406 355 946 153 252 329 389 746
36 153 235 350 774 231 193 539 982 650 826 285 268 972 752 397 302 194 204 95 96 659 809 395 804 775 298 842 24 2 801 804 861 503 636 321 110 409 951 827 955 677 803 328 227 126 665 455 754 709 723 958 324 695 977 229 684 753 94 130 448 277 814 69 27 747 861 365 606 660 530 607 927 802 469 456 468 160 368 241 700 352 322 907 321 846 74 591 202 689 799 500 936 419 79 905 55 337 336
837 752 883 514 241 726 783 103 962 342 267 199 809 556 23 23 556 195 950 11 955 854 580 149 703 359 464 800 929 504 845 785 467 75 752 333 835 249 757 650 474 189 633 104 52 976 785 676 997 925 515 694 745 785 636 318 50 702 117 399 190 554 335 839 663 582 20 957 454 507 787 255 654 123 318 137 378 53 277 991 393 185 503 708 854 707 99 889 595 881 428 344 985 338 353 509 50 624 887
420 198 435 313 317 438 51 683 576 288 491 229 297 829 36 742 51 499 861 149 531 771 314 698 573 329 437 132 706 693 806 187 201 594 437 891 897 461 595 947 886 506 680 526 546 25 105 184 324 461 78 866 717 663 930 515 303 536 869 650 43 377 672 28 631 738 634 276 506 424 199 202 918 970 865 144 300 552 133 934 814 766 473 468 571 90 264 551 348 527 206 464 910 512 202 523 556 915 E
1 8
P 812 78 999 231 617 6 E
