10
3
5.2 3.3 4.7
-8.8 -6.1 3.1
18.5 6.1 2.2
6
1.1 20.2 6.1 18.1
1.1 20.2 3.3 -2.5
0.4 -2.7 3.3 -2.5
6.1 18.1 -5.5 -9.2
3.3 -2.5 0.4 -2.7
1.1 20.2 0.4 -2.7
1
0.0 0.0 20.0
1
3.1 2.2 7.7 8.1
3
50.0 50.0 10.0
55.0 55.0 10.0
45.0 45.0 10.0
3
35.0 35.0 60.0 60.0
33.0 42.0 57.0 59.0
35.0 45.0 50.0 60.0
4
-990.0 -990.0 8.7
-990.0 990.0 9.2
990.0 -990.0 9.5
990.0 990.0 7.7
5
592.0 397.0 -899.0 971.3
-994.0 -989.0 956.0 333.0
-1000.0 -1000.0 1000.0 1000.0
-1000.0 0.0 1000.0 -1000.0
-980.0 -1000.0 980.0 1000.0
1
0.0 0.0 10.0
1
-10.0 0.0 20.0 10.0
0
5
10.0 -94.3 33.2 88.1
901.8 -999.2 1000.0 -1000.0
-1000.0 -1000.0 1000.0 1000.0
34.2 -99.4 812.6 -547.3
-827.6 576.2 992.1 -715.4
26
-989.8638373075707 637.2184728825949 1.291004570359229
-519.9316215943887 -733.8236440617934 241.20153377978966
-73.61589820063253 95.00025608088248 296.7336148022108
897.9219031427324 -417.9203047444797 56.38892411520664
-488.6160258260879 867.1089908920264 107.8292130698323
-200.06397482639215 160.59655126235774 739.0983758829751
558.6918533277607 -384.86834601947817 407.3876354725372
-103.00749695475942 814.8866575778619 54.78571769463188
284.5421329325546 -681.8347026333997 225.53158274867556
-103.68087523639913 962.5843254129334 12.21513000260513
655.7301253320824 302.34661214957504 327.9733921791483
301.82826552502195 -30.22288204330725 56.76907450613738
829.565294561877 626.6399559268463 89.10645636966343
61.612652311604066 -644.0277431446726 60.45953070030771
367.1557316953389 -916.8747930165555 10.969711294162533
-996.8869337373047 -667.3629583128998 0.6578040103245218
-348.9336957526832 541.7743551717608 102.16293603724372
936.1172389592134 298.7846184896397 57.993077000504805
64.01244322221844 141.62628248566023 234.82911392964965
502.5474821270446 -283.2329932703361 43.45390832271729
-453.2187926441531 -189.43851547004266 29.808161722484517
249.40301119936592 882.5093505638229 50.965589012151085
-425.15588541028126 -713.5008401101157 179.47620914077504
30.441650570398828 -26.79809586360826 749.0518018619596
141.71818538621505 -190.51020341791957 323.1903236816582
-669.8313187694713 232.0359191082939 267.8210767826823
74
491.93127671347423 535.5351521104969 930.322441028854 785.0433127247576
774.2477660134844 -586.7443921130408 -788.5074931384137 421.161720916196
-497.40436334811466 -475.52899086209965 733.3159675242855 252.81298834749833
805.4459068650932 -316.360875943231 843.0882547395784 822.2029517999994
-663.7364241772212 404.41613914443406 -814.6332954330313 -98.26611279580244
92.68490533198292 -118.71326707824026 -378.68917359633537 -588.7453016008116
-236.0217702325298 848.2484840898275 -502.4954569134517 703.7292047896906
-88.21814764868807 -879.9685701509563 871.0101394258609 -790.6265879964802
470.7517922966735 693.5991983536636 885.2955492931367 156.82854895597242
-450.1062462589434 172.44451588468456 -607.9334618440784 630.952622017725
321.99334268371314 973.4559050277594 -873.0737806725459 -419.6715622054683
-92.29986338746143 -714.0997263708771 -727.8252225283806 553.6022088948885
592.4612858903913 -925.6704990787381 -922.0467842535874 -77.71849160681322
458.64095262968794 551.9858651696326 363.32481385980486 138.63841239725195
571.8027438918001 -501.45264780974344 181.78024031966112 -819.1223174267845
-770.7270754306708 -444.18219240922065 -288.95935520346194 -246.25336707736034
460.7422734192648 207.2342994427998 514.9253739932423 -958.7210065576032
-35.19370200554639 -468.1714055937045 725.4413058681217 -150.62070029846785
971.9824121004834 -979.4548066003192 -593.8594764052779 829.4716913987905
-856.1149598133677 -247.4145408167361 -616.8150761253828 -859.5480486122511
-450.1210799456312 -948.2894859277271 -831.5538875791586 -615.3033669337076
6.672373643733076 377.2038811265519 -750.6404371713567 -55.10036106500182
-377.0474516325983 651.4582431948209 983.1435036482408 -47.97802587185451
-739.6952094027794 485.91808221413044 -391.61750875206235 -969.3442020955509
-196.69939615964415 -160.62590578451653 474.86696750496327 -303.3804579315262
625.7765401633319 527.3718160057895 -507.02909270009735 822.6169666942905
446.9702159380091 -301.23728175948503 -983.2612012696262 -58.69205878745753
-109.68272735359008 905.1905503264782 900.2465697604887 321.15503590043113
-510.6439760122634 -288.42757763041993 -695.3112156864074 -271.07514613942254
629.3255329632623 930.3992529176115 984.0366113864056 -416.2601162413333
-30.315228295114018 509.9458549038143 240.00200056710818 -188.90931906498508
261.9201171545784 866.2467183448001 -487.56712164510805 121.23514085991106
158.64945258502883 20.959059754170006 659.1558564036081 664.9266564882696
604.172416085939 292.0000641100562 379.67304094551446 60.428821501727455
-296.7447600787587 -518.8882729393072 -49.98965302846958 639.2892367641821
-415.9182843990254 512.271153820798 461.40523797293145 -575.6377645799857
-297.06016991464736 297.1307294258836 93.41277724408114 832.0836746428166
-717.6437356951789 -761.562065386221 -397.6011704071536 -617.980948625474
-868.9693138489465 -770.3502441283745 169.28054718819106 -199.78060027436118
-36.93769824215876 268.7230576338677 25.764436600397957 -181.06271441784116
515.6019744105722 -123.67270316439027 866.2235710325423 -296.2308536847373
258.204111577506 -606.5081402050276 -47.25524694155969 80.30654840767282
293.7928314966294 930.96568800861 -966.2305992795037 -14.105028912560602
170.296919699376 252.3330143961955 722.1394742877387 238.11318819533466
-246.34930656547226 195.19371964827582 816.2535052355637 -809.8967333777479
56.99562778926448 369.48370530308995 -801.573770612114 733.8958891685672
977.5611306209968 -180.72500236984368 407.4367477051273 16.391480458512795
-738.1585446227325 94.16196171485014 -242.35921418484517 748.6739599497367
701.327160095426 748.6049652029783 -35.08669826840283 -782.1514584698024
555.1898830370947 -327.6311424065015 640.0779532500986 151.6110633422667
-497.03937351048256 852.4589058193351 723.3708551416194 439.2725232127825
-950.619147405707 176.7228402468699 -41.123262596823636 378.9768474446167
235.2478034571297 -288.44686434576005 -154.23408953116092 599.3669040883849
752.2153468437009 520.8888474379692 -846.4485160843996 94.96861779071186
116.1520602900783 -459.0172656371789 51.476581703804314 918.0785831285405
422.7998263003627 -714.8353883770404 177.53201166071864 -14.043461233512522
-608.8842097748468 225.0971435210991 -439.504377879294 190.6400087813265
893.821527877152 579.7867361845474 -791.2250326585528 -460.2867924038969
-18.675510148399297 940.8770558069333 392.72571018550997 409.87808692333516
524.3164457400429 -327.4811322427846 172.5088493461029 -838.8078528700627
31.99487319994354 -653.6251070594473 -438.5599885227605 -661.6483241797544
-53.00630041114673 607.0848922377778 -134.82442649191583 -523.5842521964631
774.750461264353 -189.2190903662303 199.97008833044717 -868.118638763373
-225.8225003332115 539.0089272347481 968.6305667957489 176.0366238543405
618.145859987191 662.6781007357994 160.68398141554096 616.0328281003908
-573.5699885847405 15.425470683662512 -256.33566391625305 -749.8658788405924
-119.59622159445283 933.0479339236247 125.31690749403013 -682.8830592827526
-252.0827321495427 925.4213740737234 -308.0922784504263 -34.19138442236957
78.42559765703582 -430.41052582277996 -234.28336239386272 -150.730885460717
572.5809110375181 347.47304471639364 975.1834689222143 -560.8636922648695
187.1396468528044 598.9147717537597 994.0669088986742 -240.82990689478945
905.1779554422428 -979.4597376207649 -118.63332714664443 -846.9531597870604
783.2482796370828 213.18231994190674 -158.3495871900129 429.97093667383115
-118.74874977192395 -334.61979156927566 -874.1836468909945 272.68607054663295
49
484.6434057010758 -786.7936585265405 15.310718923833893
-567.378126772752 106.39477057861657 94.58289813680967
609.8036275659738 848.7712631488622 15.327837015548125
-354.50800161058925 841.855015344644 29.35567824057235
-791.2769611233467 -991.8448978752585 6.1406091084740435
-493.75820011614604 -950.8556532498856 17.688098424460787
-42.01394230293931 -197.60048510550754 313.3204649031321
147.82248188709323 852.6266355911847 33.7546965356474
256.0897243560412 215.47635706781287 520.7883184922944
-972.9468481768282 -842.3801993943896 17.620860879912566
266.015106658827 372.56480080841123 333.15772813493277
321.9018601000665 -311.22704803071645 314.6589854374003
540.7519191041523 568.1311367513706 223.2076946637332
793.3154615789913 -260.0845222231254 149.11793996825978
-294.61072466358786 -771.9283232039464 41.05026555325771
-782.7818909780615 109.88956413695905 76.13772735670054
510.14927054272596 623.9860116565081 35.0528910995338
-189.94646751400035 -479.64181401700137 328.52705209702475
922.5714410886224 110.41427670694559 18.15840261642785
-452.42723114993044 -779.6603911984216 128.98626373424753
920.8965869531049 247.6757340312077 59.31872266263281
-977.2076344118063 -832.2867976032476 6.187771898467503
-494.73789372372545 -422.38165025347206 284.58082488359605
960.2474398160903 923.3720931728036 30.898238936425486
973.0495581316776 -445.29768074089816 8.431565472422358
-1.3339843519188932 576.0167325603865 268.669282124261
617.8339386425629 -438.2706883370646 352.31363839221893
515.5760464880073 105.49666119014711 333.5398751894086
-790.185151890372 -236.73364378437967 50.558226274886046
-418.548359587938 654.5656122691801 184.70407619748855
495.0746609055039 -680.7686136838191 303.0468477144367
427.88630715287843 371.1229275465886 117.21201682884437
700.953356704687 88.77880755453882 187.04644903300579
767.7811661781078 557.4229445378124 114.9864426251248
938.4653137584343 -863.1145066051484 15.930854862719373
933.2286205709905 665.0497516591547 24.341689248145723
-673.0459429628388 192.95532792755864 219.3640843091789
959.9876673453132 -355.87305846707216 37.87165117522863
601.7970751324319 -373.823079065533 140.40018666529863
651.2630474631185 -174.53239617213967 277.8579689349265
467.3852227878921 -236.1514186565683 80.0980619587341
-653.2537356262544 -987.8820237233807 9.11815866503426
683.0098580536068 -402.23342259940154 123.53981117092076
-1.8729039019103055 2.7164227479761216 776.5320735096711
-929.3444084463707 -444.87422248780996 21.58313320784006
-554.1283966342883 177.72699269753622 84.14933804172395
656.7124089501699 353.0432673471431 255.04945805760576
-915.9374160025948 -40.88203542328883 69.32645888981003
943.7486224320896 -347.6465307318868 41.24256310973022
89
868.42211196418 340.64698295266595 -100.59590806181373 -328.03619260970953
291.825704758822 -521.0913852746708 -493.2252089264819 209.37312453566292
-453.75737325371546 792.7888909131773 399.1207172357056 374.69855828279265
670.1726660748784 116.47228008226595 757.0994548819705 100.9803522523931
-660.2812920016388 461.24470832195 -955.0107120967438 572.396269430337
758.7647383491909 -785.0707631506524 -617.347159597793 382.7861229410985
-998.6729237283238 -617.0115539210743 -42.52688147141526 -779.6305194219395
-340.1001687638483 -696.2736605848454 913.0906572981689 -773.0881477674511
897.7554684067377 904.7904877269119 802.1607122902718 -529.3914383330966
559.8030594585135 15.43901333027109 -346.75970113180045 -924.5275554008574
865.7469848772455 -491.1959871011431 -22.69386732230516 -533.9735029823603
-609.0714480948844 -879.3527588217473 627.2937208601728 -85.38163716261748
-465.6244327183532 675.871133155882 324.44023887916984 -880.3109446364606
-519.7764987639557 151.31218353567166 -121.8972130157312 896.8443870082399
-222.1859909992687 513.1109153008999 651.1157692424309 230.59256738262746
97.4163971807429 -410.7833132850298 -339.36007975877345 913.1274372232721
-537.3418553355611 -627.6472437968921 854.8487878250186 -212.4475362969227
-682.6076223581967 -903.9684642747143 -431.314166249122 -783.5439790711225
-846.1311252339507 185.97625603806244 937.3189867004172 812.7643032943923
110.71786430737896 761.5701826043373 -866.1920896442994 -301.6862464176369
943.3950303169987 746.7213072983603 697.8911355200963 -403.3995696832562
-923.6227768301486 -153.2054910888887 -64.30954665877486 919.6795282733652
-934.4605657649321 -341.9696935611403 -604.4797842992258 675.2041532538941
-269.21639824747047 -1.8659007873018663 -237.11945853919136 498.1067384808162
-536.8695657977105 181.4850879243737 -831.8967093037124 -597.5553410921164
767.1269963664007 409.68142044224345 -136.98891686436076 952.4440550131941
-31.438244576364795 707.9009196774429 498.33959174093457 467.79451037742103
199.12150748361523 909.8255180718155 821.5640430582619 606.760504048953
-736.2370072736828 -921.3595571838149 515.1623026573488 -788.3073415239039
803.21464283463 -551.1133611216841 -891.7638635749314 -344.96314441344754
-716.8367820982664 483.7097307670535 -580.1958957389332 -910.0450203748735
773.3209392400746 964.3144061473938 829.9697107063026 -11.81358805230981
223.71024524731186 -836.8007834679477 825.5587251584564 -861.2042683872436
2.142449859883877 -899.9880578076702 -270.28905373375676 -115.03292846729151
-173.99171546998372 638.6315290847899 300.30152804565336 -207.97867069259414
903.1388894114008 756.3483405154354 969.9582894572198 -831.6519892084839
-909.3642058281229 -299.2205801914094 900.8314230086564 -98.04027259143555
-812.7905375016486 -52.57762577275082 740.1632942036065 928.8921592544201
-906.2930059637904 -119.48434396172303 988.0962279613914 315.6876914910371
508.14912289891345 -57.860440070985675 227.04656218202146 416.71865995239955
65.73871650442298 629.2578092990999 112.36485550666653 -141.8817837535884
-609.0580404929691 -834.3350876692448 986.8913003405988 203.60635596076258
397.8856230884169 935.5701580311362 -742.5921943931055 73.51095332264413
-643.0464521956322 837.8148946184292 -741.1233058747697 -783.1984731797575
-260.39413240018064 604.4854386775347 232.749119832089 -423.031988026239
-339.91412847211586 824.9493352205442 -741.4859229083548 -253.90766882021265
851.8200394059643 926.1085010121615 -496.9476952478698 -632.5225266200705
547.9560126604944 681.9278739701626 -9.75206864154754 -974.2878785673472
-620.3739808631734 960.0652721372744 243.70217324675235 954.0673543789264
-537.8378600960125 -639.3084257977644 618.2845356672382 492.6346678353415
-791.3685670165935 162.3583250675582 911.6458712594687 -353.36747461796824
-908.3011568721433 -437.96655578168276 -65.28927236147885 322.8231747589363
-431.03266367042403 581.1926798485687 -879.4452145508556 -137.00329273223534
693.5842859707742 -792.8802287426926 -36.03501395795394 -653.003798931828
551.044678747429 348.33341624797964 109.37067377124366 -196.227575444478
594.7618350359631 -994.6748975665615 242.7237616062161 947.4723523766362
197.11671916215235 692.5582342293633 -406.70227065638363 -653.4183792021806
289.3385931537258 -405.0571795163607 -185.7348421229814 37.65687207460555
832.7091965361992 -798.232609386919 -713.6963038885629 -488.8013935008573
-954.7765197487859 233.33470012845714 476.3728459477561 725.7321329883553
801.9817974078129 560.3130007446096 -115.80805961874252 347.17868625003746
434.22688697134856 -486.91892003571934 -678.1575215172844 764.1148734453877
271.08205508142436 488.1107147201611 797.3077308492318 595.5345973204427
699.6851257262638 -919.3053368379798 -889.3470346845558 -613.7575968781646
263.5555943340093 -891.903661864788 421.9405864899961 976.0233762440005
-624.328459585594 -165.5398369647254 -487.1346024145973 -367.749481861644
591.8739905453702 468.58934892335304 -760.5148448302809 -548.3943484731088
-928.1428134377179 577.9625832357181 761.3122658157339 765.1055146935471
849.143635575793 -552.873628010608 532.4240767740473 -678.3590524115914
-161.91668435098583 -394.1335172508067 -246.8613884934996 878.7525191605586
-874.94242034638 -237.67333248774182 6.19381849950984 -504.61967248542925
22.708262450308325 198.50852371192084 -860.7410651621334 299.8435819183727
-389.84672033981417 -679.6473500818545 105.99745763974555 797.3194977959797
38.79140129367431 -498.13385604136886 440.79109572622286 884.606605454018
752.4381187665383 -377.4726407110003 -682.3741981535331 655.9749990322532
-47.823662072173036 769.4647268278369 731.5304496824444 812.4188967338974
130.44597053609186 460.6716786893703 -758.6498483557234 -972.3545416151693
305.5361966131991 -557.214411404592 925.5266329070166 977.6469955257783
706.7867767557648 -373.2759910617316 727.948527312918 906.7208406848564
92.44300522372617 46.73770740463246 208.82520989109366 -418.6840124756559
-373.74831804714705 -136.79550604551972 865.928441398663 -725.8980130976655
295.52447010050867 -623.2448286627825 -345.56311891971234 24.16999866533498
-777.4633971689786 -218.91362590847274 -890.9916481071984 835.2930937611891
-97.23037809313362 -45.916834814713205 559.5968662016082 -297.3129652223068
397.6460752280888 -28.362739054702992 -667.0797038063512 -600.27056189241
-183.95309265254411 225.81508451643438 -455.62333092797246 -190.38961550061438
-961.9592812350132 38.79265773079399 -889.4033991507415 252.90304451965918
565.8963123090954 486.2429260396408 950.7110034018647 740.5591088563843
631.5899084688259 778.6239673680737 -5.197354343387417 -627.1513853329211
3
-500.0 500.0 10.0
-400.0 502.0 8.0
-300.0 498.0 9.9
1
-505.0 506.0 -298.2 493.1
5
0.0 0.0 30.0
0.0 0.0 50.0
0.0 0.0 100.0
0.0 0.0 120.0
0.0 0.0 200.0
5
-75.0 99.0 -130.0 190.0
135.0 217.0 -150.0 87.0
120.0 160.0 -160.0 -120.0
0.0 0.0 -200.0 0.0
-300.0 -100.0 100.0 200.0
