4
0 0
1 1
0 1
1 0
10
0 3
4 0
1 2
2 1
3 0
4 3
0 2
3 1
2 0
1 0
6
1 1
2 2
0 1
1 0
0 2
2 0
44
1 7
2 7
3 7
4 7
5 7
6 7
7 7
8 7
2 8
3 8
4 8
5 8
6 8
7 8
1 2
2 2
3 2
4 2
5 2
6 2
7 2
8 2
7 1
6 1
2 1
3 1
4 1
5 1
1 6
2 6
8 6
7 6
1 4
2 4
8 4
7 4
1 5
2 5
8 5
7 5
1 3
2 3
8 3
7 3
26
0 12
12 12
12 0
2 0
0 0
1 0
3 1
11 1
4 2
10 2
5 3
9 3
6 4
8 4
6 6
7 6
7 7
5 7
4 8
8 8
3 9
9 9
2 10
10 10
11 11
1 11
6
1 1
2 2
0 1
1 0
0 2
2 0
4
0 0
2 2
0 2
2 0
10
-499 -246
1033 -243
-1564 -253
1482 -253
-499 -235
3555 -243
1482 -250
3555 -235
-1564 -246
1033 -250
10
6335 -8007
-2519 -8015
-2519 -8016
3502 -8014
6335 -7999
3502 -8007
-597 -7999
5958 -8014
5958 -8016
-597 -8015
10
-697 -5031
8487 -5028
4922 -5018
8487 -5024
6044 -5031
-3629 -5018
4922 -5024
-697 -5025
6044 -5028
-3629 -5025
10
4018 -3927
3877 -3926
3877 -3927
972 -3928
-3376 -3928
4649 -3926
972 -3934
4649 -3921
4018 -3934
-3376 -3921
10
2711 -3393
1923 -3397
-2113 -3402
-3818 -3390
5455 -3397
-3818 -3401
5455 -3402
-2113 -3401
2711 -3390
1923 -3393
10
-2699 -5453
2011 -5451
2439 -5451
4801 -5456
4801 -5454
2439 -5450
-542 -5453
2011 -5454
-542 -5456
-2699 -5450
10
-3238 -5342
-5631 -5342
-5631 -5336
4863 -5349
4863 -5348
2025 -5348
2978 -5347
-3238 -5349
2978 -5336
2025 -5347
10
-3883 -2716
7080 -2716
-6377 -2728
7080 -2724
4681 -2729
4805 -2734
4681 -2724
-3883 -2728
-6377 -2734
4805 -2729
10
3701 -2546
-1311 -2534
3223 -2549
5362 -2539
665 -2549
665 -2543
-1311 -2543
5362 -2534
3701 -2539
3223 -2546
10
-2223 -2392
2513 -2387
3061 -2387
3447 -2385
3447 -2377
-2295 -2377
-2295 -2392
3061 -2395
-2223 -2395
2513 -2385
12
2189 -4877
1573 -4891
769 -4892
-149 -4892
801 -4893
769 -4877
-149 -4893
2189 -4883
1573 -4899
1942 -4883
1942 -4891
801 -4899
12
1454 -8509
-2928 -8522
1454 -8518
-2928 -8530
1069 -8523
-287 -8514
-853 -8514
3692 -8518
-853 -8522
1069 -8530
-287 -8509
3692 -8523
12
-345 -6754
-391 -6738
-345 -6746
-738 -6746
2089 -6733
2234 -6754
2070 -6750
2234 -6750
-738 -6738
-391 -6733
2070 -6749
2089 -6749
12
-4116 -1532
-4116 -1535
7872 -1545
-2873 -1540
5432 -1545
-246 -1546
5432 -1542
7872 -1546
-246 -1540
4437 -1532
4437 -1542
-2873 -1535
12
1023 -8146
-1175 -8149
562 -8149
562 -8141
3800 -8143
3800 -8134
1791 -8143
-1175 -8151
-126 -8141
-126 -8134
1791 -8146
1023 -8151
12
5993 -8513
3331 -8500
110 -8513
889 -8500
-230 -8507
110 -8514
1443 -8513
1443 -8514
-230 -8513
3331 -8506
5993 -8506
889 -8507
12
5405 -6710
-1779 -6703
-1813 -6704
-1813 -6710
-5045 -6696
5405 -6706
4875 -6698
6147 -6698
4875 -6696
6147 -6706
-5045 -6703
-1779 -6704
12
227 -8168
-965 -8168
2889 -8162
3692 -8168
227 -8164
2889 -8156
1929 -8168
-965 -8172
-1685 -8156
1929 -8162
3692 -8172
-1685 -8164
12
-2332 -3447
5625 -3440
-4686 -3438
6881 -3447
6881 -3444
-3522 -3438
-3522 -3442
8188 -3440
-4686 -3432
5625 -3444
-2332 -3442
8188 -3432
12
1961 -4377
-1195 -4383
2182 -4368
1508 -4385
-273 -4385
1961 -4376
1508 -4377
-1195 -4376
2182 -4376
-5629 -4376
-273 -4383
-5629 -4368
12
2940 -2774
-326 -2779
3087 -2774
501 -2773
-326 -2773
-713 -2781
3087 -2781
2940 -2768
-713 -2779
4695 -2768
501 -2767
4695 -2767
12
480 -183
703 -195
2035 -182
480 -188
1586 -182
1586 -175
1204 -195
1204 -187
862 -183
2035 -187
703 -188
862 -175
12
-2648 -4696
-2648 -4699
1821 -4707
-1306 -4699
7343 -4712
5902 -4707
-3052 -4704
1821 -4709
7343 -4709
-1306 -4704
5902 -4696
-3052 -4712
12
-4011 -661
3154 -662
-4011 -669
5667 -652
-5695 -652
3154 -665
486 -661
7856 -665
7856 -669
-5695 -656
5667 -662
486 -656
14
45 -5485
45 -5489
-1278 -5479
1276 -5481
4322 -5474
-212 -5479
-1278 -5485
4322 -5467
-212 -5462
3816 -5489
3816 -5481
1652 -5462
1652 -5467
1276 -5474
14
-4612 -1155
8444 -1152
-1257 -1157
-6162 -1155
-6162 -1149
4939 -1152
4493 -1156
4939 -1149
8270 -1159
8444 -1153
-4612 -1157
8270 -1156
-1257 -1159
4493 -1153
14
4050 -4511
237 -4530
-1737 -4521
5679 -4522
-1444 -4521
-1444 -4522
3123 -4511
5679 -4519
-1737 -4509
1484 -4522
1484 -4530
237 -4522
3123 -4509
4050 -4519
14
-2147 -2966
4483 -2957
1492 -2957
1492 -2960
162 -2954
162 -2958
2849 -2960
4483 -2954
1073 -2968
2849 -2961
-948 -2966
-948 -2958
-2147 -2968
1073 -2961
14
4435 -4038
4751 -4056
1439 -4060
-237 -4053
-3366 -4038
5380 -4048
-237 -4050
4751 -4048
-3366 -4050
1439 -4056
5380 -4041
815 -4060
4435 -4041
815 -4053
14
1072 -5498
1442 -5520
-1801 -5508
2395 -5504
-2160 -5508
4910 -5498
-2377 -5513
1442 -5512
4910 -5496
-1801 -5496
2395 -5512
-2160 -5513
1072 -5504
-2377 -5520
14
-520 -4322
3204 -4306
465 -4309
2607 -4313
1375 -4306
-520 -4316
1784 -4322
-816 -4309
-816 -4316
2607 -4314
3204 -4301
1784 -4314
465 -4301
1375 -4313
14
365 -6158
1108 -6166
390 -6175
1986 -6164
1986 -6166
1125 -6175
365 -6167
1125 -6167
390 -6168
1108 -6167
1792 -6164
1792 -6158
773 -6167
773 -6168
14
-2197 -7558
1693 -7567
3757 -7575
1693 -7566
3631 -7558
1835 -7567
-1959 -7560
-1959 -7568
-2197 -7560
3757 -7574
1835 -7574
136 -7568
3631 -7566
136 -7575
14
-1758 -3167
-39 -3159
-1677 -3175
1168 -3175
6079 -3168
-39 -3167
6896 -3174
6079 -3166
1168 -3174
1334 -3166
6896 -3168
-1758 -3172
-1677 -3172
1334 -3159
16
1262 -8762
-8 -8788
-1143 -8776
3339 -8776
42 -8780
1262 -8770
245 -8776
3339 -8782
-1143 -8762
-8 -8780
3427 -8776
1908 -8782
245 -8779
3427 -8770
42 -8779
1908 -8788
16
1058 -7586
434 -7595
-153 -7575
768 -7585
1058 -7589
434 -7592
1243 -7590
2952 -7575
2952 -7586
2756 -7595
768 -7592
-153 -7578
1243 -7589
264 -7578
264 -7585
2756 -7590
16
3632 -7355
4434 -7358
2712 -7356
42 -7353
2333 -7356
-1022 -7358
4434 -7366
-3263 -7353
42 -7358
3632 -7344
-1130 -7348
-1130 -7344
-1022 -7366
2333 -7355
-3263 -7348
2712 -7358
16
-43 -421
-43 -414
1753 -429
454 -429
7247 -400
-4126 -407
4512 -426
1753 -426
454 -421
7247 -417
-4126 -400
-3991 -407
4512 -419
1733 -417
-3991 -414
1733 -419
16
1050 -1878
1902 -1880
510 -1864
236 -1878
-821 -1878
510 -1857
1112 -1857
1614 -1863
67 -1864
1050 -1870
1614 -1870
236 -1870
-821 -1880
67 -1870
1902 -1878
1112 -1863
16
2854 -6753
-3792 -6751
-1210 -6732
6327 -6732
-84 -6757
2011 -6753
2011 -6746
2455 -6738
-3792 -6757
2854 -6759
-84 -6758
-1210 -6751
-4827 -6759
2455 -6746
-4827 -6758
6327 -6738
16
-1222 -3715
-1260 -3708
291 -3718
3200 -3713
-1260 -3715
1388 -3708
1388 -3712
3200 -3712
-1222 -3717
3813 -3718
3813 -3713
3220 -3721
-1282 -3718
291 -3717
-1282 -3721
3220 -3718
16
339 -807
2169 -822
1354 -812
2269 -808
-540 -816
274 -816
1035 -812
62 -807
2269 -799
1354 -815
-540 -809
62 -809
339 -799
2169 -815
274 -822
1035 -808
18
3072 -4309
3072 -4301
329 -4302
2961 -4311
1472 -4309
428 -4302
2961 -4310
329 -4294
2983 -4311
3464 -4294
-932 -4305
250 -4312
2983 -4314
428 -4305
250 -4314
3464 -4301
-932 -4312
1472 -4310
18
1503 -8596
-791 -8588
-791 -8594
1261 -8587
1929 -8601
1503 -8593
1261 -8593
-1979 -8588
364 -8594
364 -8601
765 -8584
1929 -8596
1791 -8578
765 -8578
-1979 -8584
3506 -8586
1791 -8586
3506 -8587
18
-722 -4505
-722 -4506
-6766 -4517
7024 -4512
4823 -4523
1907 -4523
7338 -4524
-2919 -4506
1907 -4524
7024 -4505
-4836 -4525
5798 -4512
-6766 -4510
4823 -4519
-2919 -4510
5798 -4519
-4836 -4517
7338 -4525
18
-533 -5081
231 -5081
1282 -5074
315 -5096
2410 -5078
2716 -5074
2716 -5066
-533 -5089
550 -5079
231 -5079
2186 -5090
550 -5066
2694 -5090
315 -5089
2694 -5082
2410 -5082
2186 -5096
1282 -5078
18
3181 -1955
2047 -1945
3373 -1947
-1163 -1959
469 -1959
2047 -1947
3128 -1945
3128 -1939
3508 -1938
-2401 -1949
558 -1953
3181 -1960
-2401 -1938
3373 -1955
558 -1949
-1163 -1960
469 -1953
3508 -1939
18
3029 -6883
-171 -6872
-1293 -6883
-1613 -6883
2673 -6884
3607 -6885
-171 -6880
978 -6871
2399 -6871
-1613 -6880
3029 -6876
2399 -6874
-1293 -6885
978 -6872
3607 -6884
2673 -6883
2658 -6874
2658 -6876
20
3389 -4536
-322 -4541
-968 -4555
-273 -4562
1215 -4543
-968 -4553
3389 -4543
1256 -4559
1215 -4550
863 -4553
1483 -4550
863 -4549
1256 -4562
733 -4536
1483 -4556
2888 -4559
2888 -4556
-273 -4555
-322 -4549
733 -4541
20
3928 -4535
-788 -4544
4356 -4547
75 -4543
-788 -4545
-639 -4544
1165 -4535
-1799 -4531
75 -4535
1235 -4547
4015 -4546
4015 -4543
1235 -4551
3928 -4543
1165 -4531
4356 -4546
-1799 -4535
830 -4545
830 -4551
-639 -4543
20
3441 -6279
-2399 -6274
6221 -6280
2576 -6255
870 -6280
-1688 -6263
-1688 -6257
2530 -6271
2576 -6263
-2399 -6266
6221 -6279
3441 -6276
2811 -6271
2811 -6263
-3288 -6257
-3288 -6255
870 -6274
-3036 -6266
-3036 -6263
2530 -6276
20
-6439 -1876
5613 -1889
4513 -1872
-5660 -1877
4513 -1880
-3154 -1884
-3154 -1889
4862 -1885
4862 -1887
5634 -1884
-5660 -1876
-6439 -1872
7280 -1884
5634 -1885
-1135 -1877
5613 -1887
-1135 -1881
-137 -1884
7280 -1880
-137 -1881
20
7046 -7451
-5707 -7433
4699 -7451
4917 -7441
4917 -7446
-2798 -7453
-3533 -7444
4699 -7453
-3533 -7441
-4922 -7444
7046 -7446
-4414 -7447
-4414 -7452
1697 -7433
-2798 -7452
-4922 -7447
6965 -7441
6965 -7440
1697 -7440
-5707 -7441
22
5056 -1438
6749 -1430
-3178 -1431
6749 -1432
-1801 -1438
1589 -1427
4347 -1427
-3178 -1420
273 -1432
6835 -1430
-4471 -1433
6122 -1420
562 -1431
4347 -1429
-1801 -1437
562 -1432
-4471 -1437
6835 -1429
6122 -1421
5056 -1432
273 -1433
1589 -1421
22
6132 -1326
-3789 -1330
-3196 -1330
-4119 -1312
-3789 -1334
-3131 -1334
4451 -1324
4451 -1319
4420 -1312
5635 -1330
4420 -1319
-3196 -1328
6132 -1328
5639 -1330
-3234 -1328
-4119 -1325
-3234 -1325
3512 -1326
5635 -1328
3512 -1324
5639 -1336
-3131 -1336
22
-19 -2695
366 -2690
1576 -2679
-3387 -2690
3222 -2689
3222 -2684
-428 -2671
-3387 -2695
3671 -2684
4589 -2693
-79 -2681
5304 -2689
1576 -2680
2846 -2671
-79 -2682
-19 -2700
366 -2682
3671 -2680
2846 -2679
-428 -2681
4589 -2700
5304 -2693
22
-1803 -6547
-141 -6535
296 -6535
-739 -6549
1022 -6549
-648 -6547
2167 -6548
1317 -6535
-1803 -6540
-648 -6548
1382 -6528
1382 -6532
-739 -6548
296 -6520
1022 -6548
-141 -6540
3428 -6520
3428 -6528
2167 -6542
1317 -6532
1796 -6542
1796 -6535
24
6830 -6080
2551 -6079
-2983 -6078
-1660 -6070
157 -6075
-1660 -6065
2689 -6062
-2983 -6081
3904 -6080
-2566 -6065
4011 -6077
-2566 -6062
157 -6070
2689 -6074
-2054 -6078
3101 -6081
-2054 -6075
3101 -6085
4011 -6074
6830 -6081
2551 -6077
-2316 -6085
-2316 -6081
3904 -6079
24
-1821 -935
2027 -957
-1821 -928
3596 -937
1877 -942
2027 -956
-1448 -922
3596 -929
3935 -929
-563 -949
1866 -942
-2011 -947
-509 -949
1866 -948
1877 -956
-563 -947
-1448 -928
1877 -937
-315 -935
3935 -922
1877 -948
-509 -957
-315 -943
-2011 -943
24
3757 -1407
-804 -1369
251 -1384
-3137 -1395
-2311 -1395
6039 -1380
1659 -1380
-3422 -1410
5185 -1392
5068 -1407
3673 -1399
-804 -1377
6039 -1388
3673 -1392
-3137 -1388
-2311 -1403
-3422 -1403
416 -1388
1659 -1369
416 -1384
3757 -1399
5068 -1410
5185 -1388
251 -1377
26
1736 -2422
3201 -2432
-2288 -2439
-266 -2427
2072 -2430
-1865 -2439
-2121 -2427
3201 -2435
-2121 -2434
-770 -2434
1913 -2445
1736 -2415
4044 -2413
2072 -2422
-1654 -2413
1913 -2442
2974 -2435
-1865 -2445
2974 -2442
4259 -2432
-266 -2425
4044 -2415
-770 -2437
-2288 -2437
4259 -2430
-1654 -2425
26
-2543 -6004
6197 -6001
6778 -6006
2958 -5993
-486 -6011
2958 -5988
6197 -5993
6778 -6001
-3774 -6018
-3774 -6016
-4959 -6004
-439 -6016
1833 -5984
-439 -6012
550 -6012
6131 -6018
1325 -6006
6022 -5979
-2543 -6010
550 -6011
-4959 -5979
1833 -5988
1325 -6012
-486 -6010
6022 -5984
6131 -6012
26
-461 -7584
1223 -7559
3045 -7559
4135 -7556
-490 -7572
4135 -7553
-2037 -7573
-490 -7553
-595 -7573
3223 -7567
3045 -7556
1103 -7579
404 -7578
-2037 -7574
3223 -7571
1223 -7564
1298 -7579
-461 -7583
405 -7583
405 -7578
2761 -7567
1298 -7584
1103 -7571
404 -7574
-595 -7572
2761 -7564
28
-537 -2134
1537 -2113
843 -2133
-578 -2144
2308 -2121
-726 -2123
1715 -2133
1379 -2128
2030 -2113
-974 -2123
-379 -2133
1715 -2140
2071 -2146
185 -2144
-726 -2126
843 -2134
2071 -2143
1379 -2133
1537 -2121
-537 -2141
185 -2146
2748 -2140
2308 -2128
2030 -2110
-974 -2110
2748 -2143
-379 -2126
-578 -2141
28
2114 -8448
7339 -8463
5418 -8454
-1173 -8439
-1173 -8434
1900 -8464
-1749 -8447
-3604 -8449
-2979 -8462
-1060 -8470
206 -8455
6008 -8448
6008 -8454
4181 -8463
-1060 -8462
7339 -8460
-3990 -8447
1900 -8470
3671 -8460
3671 -8457
-3990 -8439
-1749 -8449
4181 -8464
2114 -8434
-2979 -8457
5418 -8457
-3604 -8455
206 -8457
28
657 -8530
1368 -8505
1600 -8528
-89 -8530
1600 -8522
-89 -8537
1892 -8528
1572 -8522
-38 -8521
969 -8521
1899 -8513
-281 -8512
1892 -8534
2244 -8534
1368 -8513
1025 -8516
648 -8522
-38 -8522
2244 -8537
-237 -8505
1899 -8516
-237 -8512
969 -8514
648 -8526
-281 -8514
657 -8526
1572 -8521
1025 -8521
30
-492 -559
177 -586
819 -576
819 -569
1034 -559
202 -599
71 -580
-225 -591
1642 -591
2705 -591
1437 -587
1642 -598
1867 -564
2014 -570
-492 -569
-225 -586
866 -580
202 -591
1374 -577
71 -576
1374 -581
1437 -581
1034 -564
2014 -577
2713 -598
2705 -587
866 -581
2713 -599
1867 -570
177 -581
30
-182 -3929
4259 -3902
-2837 -3909
3917 -3926
2282 -3914
-264 -3929
3328 -3929
-2837 -3905
-455 -3933
-857 -3916
1602 -3909
-1696 -3924
-455 -3934
4510 -3914
-1696 -3916
4750 -3928
2288 -3920
-2895 -3905
2288 -3926
-2895 -3895
-857 -3909
1602 -3902
3917 -3928
2282 -3909
4510 -3920
4259 -3895
-264 -3933
3328 -3934
-182 -3924
4750 -3929
32
-1515 -8599
359 -8633
1161 -8617
2075 -8643
-264 -8625
2080 -8640
-304 -8626
2080 -8637
3909 -8612
-787 -8620
-1515 -8607
359 -8639
2075 -8640
1339 -8606
-76 -8607
1339 -8599
-304 -8625
3672 -8625
1011 -8617
-1225 -8643
3934 -8629
-1225 -8639
-264 -8620
-1837 -8633
-787 -8613
3909 -8606
-76 -8613
1161 -8612
-1837 -8626
3934 -8637
3672 -8629
1011 -8625
32
-3127 -6917
2860 -6937
4763 -6937
2699 -6944
4364 -6936
4364 -6929
4422 -6920
-1540 -6932
-3386 -6917
4422 -6901
2699 -6940
2860 -6940
1790 -6947
867 -6947
-3033 -6901
-3033 -6908
3887 -6920
-2179 -6932
83 -6940
5386 -6929
-1540 -6935
867 -6940
-2617 -6908
-3386 -6924
-2179 -6924
3887 -6926
5386 -6926
-2617 -6909
83 -6935
-3127 -6909
4763 -6936
1790 -6944
34
-4687 -294
4490 -291
-738 -272
3228 -263
-4316 -285
6023 -278
6165 -278
6219 -294
3682 -254
-1874 -261
6023 -283
-1307 -285
3682 -258
147 -273
-3926 -272
6165 -271
-1874 -265
4147 -262
4490 -287
-4316 -293
-3702 -254
4147 -263
6219 -291
3411 -258
-3702 -261
-3926 -265
-4687 -293
-1307 -278
147 -278
-738 -273
5895 -287
3411 -262
3228 -271
5895 -283
34
1648 -7961
2804 -7947
2700 -7972
3507 -7973
-2575 -7970
-1311 -7983
4548 -7954
4706 -7978
1018 -7961
-831 -7951
-1311 -7985
-2575 -7962
-1683 -7957
584 -7981
1018 -7954
-1683 -7951
3507 -7978
-191 -7957
2804 -7939
4868 -7972
840 -7983
4706 -7985
584 -7975
-2313 -7970
2700 -7973
4868 -7968
-831 -7939
840 -7981
-2313 -7975
2170 -7965
2170 -7968
-191 -7962
1648 -7965
4548 -7947
36
2160 -3754
6381 -3721
6093 -3716
-3634 -3745
-3634 -3752
6093 -3721
-3659 -3729
3817 -3747
4041 -3739
1834 -3757
-1138 -3745
1834 -3754
-2819 -3709
2059 -3716
-717 -3722
-1162 -3729
-1138 -3737
6381 -3729
2509 -3734
2059 -3709
4041 -3734
-3659 -3737
3127 -3757
-4156 -3714
-2334 -3760
-2334 -3765
3817 -3739
-3456 -3760
-717 -3716
-3456 -3752
2160 -3747
2509 -3729
-4156 -3716
3127 -3765
-1162 -3722
-2819 -3714
38
4627 -2159
-4260 -2161
545 -2146
5436 -2122
55 -2170
-280 -2144
5334 -2152
4988 -2145
-280 -2136
-4260 -2158
2262 -2144
-4282 -2146
4919 -2169
4919 -2164
2211 -2134
545 -2144
5025 -2134
-3110 -2156
55 -2167
5262 -2144
-4154 -2136
-4154 -2122
-4282 -2153
4627 -2164
4988 -2152
-420 -2161
5262 -2137
1936 -2169
5334 -2159
2262 -2145
1936 -2170
5436 -2129
-836 -2156
-836 -2153
-3110 -2158
-420 -2167
5025 -2129
2211 -2137
38
-1316 -3837
-608 -3837
4339 -3827
-2306 -3794
3976 -3798
1509 -3841
-1316 -3841
-1273 -3814
-3579 -3806
-2455 -3832
3782 -3822
3977 -3822
3468 -3811
-2455 -3825
1019 -3830
-1717 -3817
3976 -3803
966 -3817
2443 -3827
1019 -3838
4339 -3826
-608 -3832
-2306 -3798
3468 -3817
3782 -3826
966 -3825
2009 -3798
-825 -3806
2009 -3794
3754 -3811
-1717 -3814
1509 -3838
3977 -3817
2443 -3830
-825 -3810
-1273 -3810
3754 -3803
-3579 -3798
40
416 -1951
2166 -1940
6129 -1922
-1454 -1941
-2451 -1936
6566 -1949
2379 -1961
6566 -1954
556 -1941
-1354 -1964
-2451 -1928
2677 -1963
5305 -1949
2677 -1964
-3787 -1956
147 -1949
147 -1947
5305 -1943
2166 -1936
3671 -1957
3002 -1961
-4865 -1928
6129 -1936
-4428 -1927
416 -1956
-741 -1949
4399 -1940
3002 -1963
-3787 -1963
-4865 -1927
3671 -1956
4399 -1943
-4428 -1922
-1354 -1963
-741 -1951
556 -1947
-1454 -1936
2379 -1957
3309 -1956
3309 -1954
42
-1953 -3269
2445 -3274
-1953 -3267
526 -3246
-1443 -3300
2180 -3286
-904 -3281
2365 -3291
-1815 -3281
-96 -3291
-1815 -3273
2830 -3246
2445 -3267
526 -3266
2163 -3282
3798 -3289
-1998 -3267
3359 -3298
2452 -3286
2452 -3289
-904 -3285
-1998 -3266
-1443 -3297
2163 -3285
2365 -3298
3197 -3260
3798 -3291
593 -3273
-96 -3286
1177 -3267
-310 -3285
593 -3269
3197 -3254
2180 -3285
-2329 -3297
2024 -3274
-2329 -3291
3359 -3300
1177 -3260
2024 -3282
2830 -3254
-310 -3286
44
1390 -251
1390 -243
2227 -251
-397 -270
3065 -254
586 -267
-937 -278
2475 -239
2475 -241
1592 -254
507 -258
-231 -240
2646 -271
3065 -261
-192 -252
2646 -278
2057 -261
2213 -271
2256 -241
289 -247
-231 -247
-457 -267
2256 -243
2213 -263
-457 -268
184 -232
-783 -240
-783 -234
-1119 -232
289 -252
2227 -253
1315 -227
-192 -258
184 -234
-1119 -227
-397 -268
1315 -237
586 -261
1749 -237
1749 -239
1592 -253
2057 -263
-937 -270
507 -261
46
1872 -5416
-2521 -5416
-2521 -5423
7618 -5464
7618 -5459
3115 -5433
3534 -5445
6774 -5415
-1894 -5447
-3500 -5455
5796 -5445
1872 -5424
-16 -5439
-5091 -5434
-3510 -5416
6832 -5433
6832 -5432
-5091 -5428
1023 -5432
-16 -5444
6774 -5416
3534 -5439
-4906 -5447
5796 -5452
-2377 -5449
-3510 -5405
-3776 -5428
6406 -5413
3115 -5436
5934 -5436
6406 -5405
5961 -5413
-1894 -5449
5934 -5439
-3500 -5461
5961 -5415
-4090 -5461
-2377 -5455
7597 -5459
-4090 -5464
1023 -5424
-3841 -5439
7597 -5452
-3841 -5434
-3776 -5423
-4906 -5444
48
116 -4749
-889 -4784
2315 -4800
445 -4799
-692 -4759
116 -4754
2153 -4800
200 -4775
1850 -4767
-235 -4767
465 -4754
1749 -4790
-962 -4739
2228 -4775
256 -4790
123 -4784
445 -4798
200 -4779
2057 -4779
256 -4798
3036 -4767
3316 -4795
123 -4779
2138 -4790
3075 -4779
-962 -4746
-848 -4749
2897 -4759
2138 -4787
2228 -4769
3075 -4775
3316 -4797
1749 -4795
-562 -4801
2153 -4797
2315 -4801
3036 -4769
1850 -4765
2897 -4765
-235 -4775
-889 -4790
1725 -4739
2057 -4787
-562 -4799
-692 -4767
465 -4759
1725 -4759
-848 -4746
50
-513 -5133
1427 -5132
2216 -5136
198 -5163
2541 -5167
4 -5137
1432 -5117
-497 -5130
-839 -5156
3155 -5165
2105 -5136
-1398 -5135
1949 -5150
1672 -5140
2216 -5139
1432 -5122
3155 -5159
3068 -5159
-513 -5135
198 -5164
1454 -5132
7 -5167
1921 -5150
2541 -5165
-616 -5147
1627 -5140
1921 -5153
603 -5130
1454 -5135
-276 -5147
139 -5156
1672 -5139
2903 -5122
-616 -5149
7 -5164
4 -5143
-276 -5143
-685 -5131
-497 -5117
603 -5131
1949 -5146
-839 -5149
1627 -5146
3068 -5153
-685 -5133
2105 -5135
139 -5163
-1398 -5137
1427 -5127
2903 -5127
10
4604 -2435
3264 -2444
-3996 -2443
6563 -2435
956 -2428
956 -2443
-3996 -2444
6563 -2438
3264 -2438
4604 -2428
10
3785 -3950
-1714 -3963
-1714 -3965
4060 -3957
489 -3943
489 -3963
3785 -3943
4060 -3950
2725 -3957
2725 -3965
10
296 -4905
2822 -4903
2822 -4907
-3810 -4905
1286 -4898
1956 -4903
296 -4895
1286 -4895
1956 -4898
-3810 -4907
10
2347 -4770
-2208 -4778
1237 -4770
1237 -4764
1183 -4771
-2776 -4773
-2776 -4764
-2208 -4773
2347 -4771
1183 -4778
10
2515 -3657
-2803 -3658
-1072 -3658
5164 -3657
-1072 -3666
4208 -3659
2515 -3659
-2803 -3651
4208 -3666
5164 -3651
10
591 -3862
1927 -3867
125 -3867
2037 -3856
591 -3850
1200 -3856
1200 -3850
2037 -3859
125 -3862
1927 -3859
10
3155 -7824
7981 -7815
-373 -7815
-4772 -7828
-4772 -7821
3155 -7821
7981 -7821
-373 -7821
7824 -7824
7824 -7828
10
2089 -1675
2164 -1675
3025 -1670
111 -1680
111 -1679
-2593 -1679
2089 -1680
2164 -1674
3025 -1674
-2593 -1670
10
1869 -4028
-173 -4014
722 -4033
2026 -4021
1048 -4028
1048 -4021
-173 -4029
722 -4029
1869 -4033
2026 -4014
10
3305 -2137
2863 -2135
2863 -2131
541 -2136
-257 -2131
5732 -2137
541 -2143
-257 -2136
5732 -2143
3305 -2135
12
4025 -3859
-743 -3855
3876 -3854
-618 -3860
-1130 -3850
5240 -3859
-743 -3850
3876 -3847
4025 -3860
-1130 -3847
5240 -3854
-618 -3855
12
6829 -3216
-3961 -3231
2936 -3238
6122 -3224
-3030 -3216
2936 -3232
6122 -3232
-2172 -3231
-2172 -3238
6829 -3224
-3030 -3226
-3961 -3226
12
-283 -865
2360 -858
2822 -866
2822 -873
2759 -866
-283 -873
-298 -865
-587 -863
-587 -853
2759 -858
-298 -863
2360 -853
12
748 -5809
1056 -5813
3243 -5819
2957 -5813
748 -5816
2957 -5814
-2689 -5819
1056 -5801
987 -5809
3243 -5814
987 -5801
-2689 -5816
12
6111 -5689
381 -5688
-4173 -5684
381 -5694
2406 -5678
3686 -5683
-138 -5684
3686 -5689
-138 -5678
2406 -5683
-4173 -5688
6111 -5694
12
2534 -401
-2009 -402
-124 -402
-2009 -395
-3984 -408
5316 -408
1217 -401
1217 -395
-3984 -405
2534 -403
5316 -403
-124 -405
12
2238 -8928
-224 -8929
4351 -8925
-831 -8925
2238 -8933
3764 -8923
-224 -8933
4351 -8928
-831 -8923
3764 -8925
805 -8925
805 -8929
12
-3359 -719
-999 -715
-999 -711
3591 -714
-1816 -705
-3359 -715
2626 -705
2626 -714
3591 -718
2002 -718
2002 -719
-1816 -711
12
-1225 -3436
4310 -3438
4241 -3438
2290 -3431
-2317 -3436
2290 -3427
4310 -3441
4241 -3431
-2317 -3435
-269 -3427
-1225 -3441
-269 -3435
12
-48 -1057
2029 -1046
2029 -1050
287 -1057
287 -1062
-2113 -1046
4091 -1056
4091 -1062
-48 -1053
7663 -1050
7663 -1056
-2113 -1053
12
662 -6832
4874 -6840
324 -6832
7242 -6830
4874 -6834
-2265 -6838
662 -6838
-2265 -6840
6388 -6830
6388 -6826
7242 -6834
324 -6826
12
369 -3972
1575 -3965
0 -3972
3888 -3965
-2783 -3959
369 -3968
0 -3975
-2783 -3968
4928 -3968
4928 -3975
1575 -3968
3888 -3959
12
-117 -2855
3764 -2853
-117 -2848
3764 -2843
-133 -2848
1451 -2853
3654 -2863
-2559 -2863
-133 -2843
1451 -2861
-2559 -2855
3654 -2861
12
-2110 -2884
4312 -2883
-1523 -2879
4395 -2884
4312 -2878
-8 -2878
2991 -2884
-1523 -2884
2991 -2883
4395 -2885
-8 -2879
-2110 -2885
14
-1768 -7614
4916 -7624
1353 -7606
3547 -7627
-1287 -7614
-1576 -7627
-1287 -7606
2050 -7617
4916 -7617
2050 -7611
-1768 -7622
1353 -7611
-1576 -7622
3547 -7624
14
2860 -4967
-536 -4967
-536 -4987
-938 -4987
802 -4991
3960 -4979
1894 -4986
3960 -4971
1894 -4993
3984 -4986
2860 -4971
-938 -4991
802 -4993
3984 -4979
14
-3575 -6442
6571 -6459
4371 -6443
6571 -6452
6201 -6448
3238 -6448
-3575 -6444
3238 -6443
4371 -6442
-2024 -6459
-190 -6444
6201 -6452
-2024 -6452
-190 -6452
14
3993 -1340
2985 -1348
3237 -1348
-1294 -1356
3237 -1355
3381 -1355
-1294 -1336
-1188 -1361
-1188 -1358
2985 -1340
-306 -1358
3381 -1361
3993 -1336
-306 -1356
14
-2678 -1092
-57 -1106
6940 -1109
8634 -1103
-2678 -1101
8634 -1109
-57 -1111
-5297 -1101
6940 -1111
4418 -1095
1399 -1092
1399 -1095
-5297 -1106
4418 -1103
14
-4004 -3857
-5600 -3851
-5453 -3868
1121 -3855
7341 -3855
-4004 -3860
2526 -3860
2323 -3868
-5600 -3857
2323 -3866
7341 -3851
2526 -3866
-5453 -3860
1121 -3860
14
1504 -2767
1975 -2780
-1600 -2767
-1600 -2773
1975 -2782
210 -2780
3185 -2780
771 -2773
4692 -2784
4692 -2782
210 -2784
771 -2780
3185 -2776
1504 -2776
14
3129 -372
3895 -391
3895 -390
-1747 -385
-659 -385
1552 -386
3129 -380
825 -382
1552 -390
2504 -380
825 -372
-659 -391
-1747 -382
2504 -386
14
6057 -3078
6052 -3091
-1995 -3078
6052 -3089
-3884 -3083
5575 -3089
-3884 -3085
6057 -3081
-3946 -3093
-1995 -3083
5575 -3081
-3946 -3085
1603 -3093
1603 -3091
14
3688 -969
5222 -959
-2517 -948
5222 -953
1613 -948
5682 -965
3688 -965
-1644 -965
-2517 -964
5682 -959
1613 -953
-1644 -964
-1393 -965
-1393 -969
16
-4347 -3533
-2855 -3538
-2855 -3535
6420 -3541
3670 -3549
465 -3545
2042 -3551
465 -3538
3670 -3548
-1304 -3545
-4347 -3535
6548 -3541
2042 -3549
6548 -3533
6420 -3548
-1304 -3551
16
6059 -4496
-888 -4502
4619 -4509
7867 -4493
-3990 -4503
6059 -4504
7210 -4511
7210 -4509
-3990 -4511
7867 -4496
-1124 -4493
723 -4503
723 -4502
-1124 -4498
4619 -4504
-888 -4498
16
2089 -6032
1293 -6032
-1966 -6036
-3381 -6037
-1966 -6032
2069 -6022
-352 -6022
1293 -6026
-352 -6032
-1340 -6045
2089 -6040
4500 -6045
2069 -6026
4500 -6040
-1340 -6037
-3381 -6036
16
2931 -1003
-1665 -992
2931 -1008
1691 -998
-1665 -983
-667 -997
-2500 -1003
-2390 -992
1535 -998
-2390 -997
-667 -1003
-2500 -1008
2409 -990
1535 -1003
1691 -990
2409 -983
16
4839 -8592
4839 -8590
245 -8575
471 -8588
3409 -8579
245 -8583
1048 -8582
3450 -8579
535 -8592
3409 -8582
-1024 -8575
471 -8583
-1024 -8567
3450 -8567
535 -8588
1048 -8590
16
4222 -5139
1877 -5133
-2827 -5126
1353 -5126
-4603 -5136
-4603 -5137
1877 -5128
-1631 -5141
-1631 -5143
1353 -5128
5022 -5143
-851 -5137
4222 -5133
-851 -5141
-2827 -5136
5022 -5139
16
2684 -8446
1438 -8456
393 -8449
1350 -8452
750 -8465
601 -8465
393 -8457
601 -8457
1350 -8456
1475 -8464
1475 -8467
-179 -8449
2684 -8452
1438 -8464
750 -8467
-179 -8446
16
954 -6123
954 -6116
1352 -6126
59 -6131
1352 -6125
1820 -6117
1260 -6125
1739 -6134
769 -6123
1820 -6116
769 -6131
1260 -6117
1739 -6126
59 -6133
611 -6133
611 -6134
18
-4186 -8797
4007 -8798
5204 -8775
-389 -8805
-1000 -8793
5204 -8776
5992 -8784
2207 -8798
-3658 -8775
4007 -8805
-3658 -8793
-1000 -8797
1403 -8784
2207 -8791
-389 -8803
-4186 -8803
1403 -8776
5992 -8791
18
5128 -1047
4653 -1044
5128 -1044
-4576 -1041
1029 -1058
-2261 -1058
-560 -1051
-2905 -1051
-4576 -1047
-2261 -1052
4418 -1047
-560 -1047
6651 -1041
4418 -1051
6651 -1043
4653 -1043
-2905 -1052
1029 -1051
18
2606 -8255
2016 -8266
2016 -8269
667 -8259
2606 -8251
731 -8272
1972 -8272
1974 -8266
1974 -8258
667 -8267
-536 -8270
931 -8259
931 -8251
1781 -8258
-536 -8267
731 -8270
1781 -8255
1972 -8269
18
2134 -2658
-3531 -2657
-5979 -2650
5079 -2648
2529 -2642
2392 -2658
-3218 -2657
-1185 -2642
2134 -2662
5885 -2652
-3218 -2652
-1185 -2650
-3531 -2662
2529 -2648
-5979 -2652
2392 -2654
5885 -2654
5079 -2652
18
1802 -4605
650 -4604
749 -4604
696 -4620
1343 -4605
1498 -4608
3408 -4597
3495 -4614
3495 -4620
650 -4597
3 -4613
1802 -4600
3 -4612
3408 -4600
1343 -4608
696 -4613
749 -4612
1498 -4614
18
-4995 -6709
3022 -6708
2334 -6708
-4634 -6701
6174 -6713
-4466 -6713
2247 -6709
-4466 -6716
5983 -6695
-4634 -6695
3022 -6700
6174 -6716
-2095 -6709
2247 -6713
5983 -6700
2334 -6709
-4995 -6713
-2095 -6701
20
512 -2862
-980 -2874
7347 -2868
4955 -2884
7646 -2868
-6197 -2870
-5952 -2884
2432 -2848
512 -2848
4319 -2856
-2961 -2862
-5952 -2881
7347 -2876
7646 -2861
2432 -2856
-6197 -2874
4319 -2861
4955 -2876
-980 -2881
-2961 -2870
20
-1059 -8289
3249 -8281
-693 -8284
45 -8296
2099 -8273
356 -8289
1799 -8294
-1253 -8270
-1059 -8286
356 -8290
-1253 -8284
3249 -8273
45 -8290
1749 -8294
1253 -8281
-693 -8286
1253 -8288
2099 -8270
1749 -8296
1799 -8288
20
1690 -8700
3710 -8698
-470 -8704
3710 -8691
1891 -8700
-2793 -8694
-170 -8688
-1076 -8706
3551 -8706
3551 -8705
-4435 -8688
-1076 -8704
-4435 -8681
-170 -8694
1628 -8691
1628 -8681
1690 -8705
-470 -8700
1891 -8698
-2793 -8700
20
-3010 -271
1024 -271
440 -284
1369 -289
1165 -283
1024 -278
2162 -282
2162 -283
440 -292
-31 -281
-2358 -281
23 -292
-3010 -279
-31 -279
1369 -293
23 -293
2899 -278
-2358 -284
2899 -282
1165 -289
20
279 -881
-119 -875
3512 -874
806 -873
3854 -880
279 -885
-892 -881
1823 -880
-119 -873
1823 -878
1943 -866
3512 -878
806 -866
3854 -886
1943 -873
-634 -886
2363 -873
2363 -874
-892 -875
-634 -885
22
-991 -8479
1660 -8484
1660 -8476
4443 -8473
-3338 -8470
1022 -8462
106 -8458
3777 -8490
-991 -8476
106 -8470
1085 -8468
212 -8483
212 -8490
4443 -8476
-3338 -8476
3252 -8468
-3981 -8479
1022 -8458
3777 -8484
-3981 -8483
3252 -8462
1085 -8473
22
2082 -4937
626 -4953
1175 -4947
1526 -4934
-37 -4942
-499 -4947
-219 -4932
1671 -4940
1074 -4951
-499 -4944
1671 -4947
898 -4947
1756 -4937
626 -4958
898 -4953
2082 -4934
1756 -4940
-37 -4944
1526 -4932
-219 -4942
1074 -4958
1175 -4951
22
-9 -4873
1059 -4852
1059 -4846
2069 -4846
615 -4867
1018 -4868
1316 -4874
1969 -4860
-9 -4876
579 -4867
284 -4859
1316 -4876
284 -4860
579 -4860
1510 -4860
1510 -4868
615 -4873
432 -4859
1969 -4852
1018 -4874
2069 -4838
432 -4838
22
3456 -7420
-1001 -7438
493 -7445
2258 -7427
3236 -7441
1319 -7433
103 -7452
-1001 -7439
3456 -7426
1373 -7452
982 -7438
-673 -7449
982 -7420
2094 -7448
-673 -7445
2094 -7441
3236 -7433
103 -7449
1373 -7448
1319 -7427
2258 -7426
493 -7439
24
7989 -954
4693 -984
-2320 -964
7529 -981
8463 -973
-6454 -969
-2320 -961
7529 -984
-2795 -986
171 -969
-1648 -975
-6454 -975
-6028 -954
4693 -985
5459 -985
7989 -967
8463 -967
5459 -986
-6028 -961
-1648 -981
171 -964
4818 -981
-2795 -981
4818 -973
24
-422 -14
648 -8
2731 -12
1833 -18
-1139 -26
1833 -22
-565 -8
3218 -22
-1139 -30
1620 -5
583 -26
283 -16
3218 -30
648 -1
-422 -16
583 -22
2270 -7
2731 -7
1352 -12
1352 -18
2270 -5
-565 -14
1620 -1
283 -22
24
2942 -3260
-928 -3263
-888 -3255
1483 -3267
1161 -3244
-888 -3250
-886 -3250
4333 -3271
-710 -3256
4333 -3269
-333 -3263
1932 -3247
2942 -3267
-442 -3271
3099 -3252
1932 -3252
-886 -3244
-442 -3270
1483 -3269
-710 -3255
3099 -3260
-928 -3270
-333 -3256
1161 -3247
26
-1139 -56
-5654 -58
2787 -50
4147 -26
1150 -50
4147 -32
2978 -32
7116 -26
2787 -58
-1139 -54
1150 -46
2978 -39
-3433 -58
7116 -25
-5654 -61
6562 -61
-4264 -49
-4264 -42
-5674 -49
1773 -46
-2222 -25
-3433 -56
1773 -39
6562 -58
-2222 -42
-5674 -54
26
4209 -1725
5129 -1740
-614 -1732
2786 -1725
8139 -1743
-614 -1724
-4066 -1719
8139 -1744
-1802 -1719
3699 -1712
3620 -1735
-858 -1732
4209 -1718
3620 -1733
-858 -1738
-4794 -1739
-1802 -1712
-6089 -1744
-4794 -1738
2786 -1733
5129 -1735
-4066 -1724
-6089 -1739
1370 -1743
3699 -1718
1370 -1740
26
2314 -7174
728 -7191
-295 -7170
3642 -7173
1876 -7174
2445 -7187
728 -7186
-2590 -7191
3642 -7171
-3294 -7178
2314 -7179
1876 -7173
-2590 -7196
4360 -7196
-1264 -7170
-3294 -7186
3253 -7163
883 -7171
4469 -7187
2445 -7179
4360 -7193
3253 -7171
883 -7178
-1264 -7171
-295 -7163
4469 -7193
28
-303 -6160
-4711 -6153
7505 -6179
-4711 -6146
6743 -6158
4026 -6167
-4391 -6160
-5573 -6166
-2489 -6175
-3940 -6165
8107 -6167
-303 -6165
4026 -6164
-5573 -6174
-2489 -6174
4369 -6160
6743 -6153
8183 -6160
-4391 -6153
-3940 -6166
-1120 -6179
3097 -6153
8107 -6171
3097 -6146
7505 -6171
8183 -6158
4369 -6164
-1120 -6175
28
2923 -159
-3384 -159
-5053 -146
183 -134
-1133 -128
-3312 -146
6052 -132
-5053 -141
297 -128
6259 -141
297 -118
6259 -147
-905 -138
-3312 -151
3337 -138
3249 -118
1434 -132
-905 -141
3249 -124
3337 -141
5841 -147
-3384 -151
2923 -153
1434 -138
-1133 -134
6052 -124
183 -138
5841 -153
28
3638 -270
2901 -270
4055 -291
-2892 -278
4630 -281
-991 -301
-2014 -294
4055 -286
3225 -301
-1652 -284
-768 -284
3415 -281
2479 -298
-3297 -296
-768 -278
3415 -286
289 -296
3225 -298
4630 -275
-1652 -291
-2014 -291
-991 -298
2479 -291
3638 -269
289 -298
-2892 -269
2901 -275
-3297 -294
30
-74 -4946
1735 -4968
581 -4949
1735 -4971
458 -4960
2264 -4940
388 -4956
901 -4946
1109 -4952
2314 -4943
1947 -4960
901 -4948
581 -4956
1947 -4968
1521 -4960
1109 -4948
572 -4949
2008 -4952
-74 -4939
572 -4948
-296 -4971
2264 -4943
-296 -4968
1500 -4939
388 -4960
2314 -4948
2008 -4958
1500 -4940
1521 -4958
458 -4968
30
-3614 -5211
-4963 -5197
4784 -5223
-5952 -5224
3932 -5224
1286 -5217
2312 -5228
3299 -5211
-3614 -5217
4784 -5221
5273 -5224
-92 -5211
-4963 -5204
-2918 -5236
5273 -5228
2312 -5230
1651 -5211
1385 -5230
1651 -5217
-2918 -5228
3932 -5223
-5952 -5228
-4983 -5221
3299 -5197
979 -5221
1385 -5236
979 -5224
-92 -5204
1286 -5221
-4983 -5217
32
-1794 -2400
-70 -2400
-554 -2384
2759 -2403
4074 -2396
3297 -2406
3632 -2412
-76 -2412
5390 -2409
-3649 -2392
-2093 -2375
-76 -2407
1038 -2396
-3649 -2389
-2093 -2377
1038 -2402
5124 -2403
-2262 -2377
5390 -2408
4074 -2392
2863 -2369
2863 -2392
2759 -2406
-1794 -2407
-70 -2392
3297 -2408
-554 -2389
-2262 -2384
-2040 -2369
5124 -2402
3632 -2409
-2040 -2375
32
1996 -3530
1409 -3510
1272 -3499
2353 -3517
1091 -3524
-388 -3509
896 -3509
546 -3535
110 -3527
-388 -3517
1409 -3508
1566 -3517
1566 -3524
546 -3536
1393 -3508
2353 -3510
110 -3526
1393 -3502
949 -3526
1996 -3536
1091 -3530
2014 -3499
949 -3523
896 -3504
2014 -3493
642 -3493
1272 -3502
897 -3523
897 -3517
-360 -3527
642 -3504
-360 -3535
34
6495 -8479
3891 -8484
-4818 -8494
3927 -8484
993 -8457
-726 -8471
-4705 -8484
-416 -8477
5212 -8480
-726 -8477
4134 -8473
4134 -8457
993 -8465
-3780 -8465
5755 -8490
5212 -8479
3682 -8487
-256 -8491
-256 -8494
1564 -8502
-3780 -8471
3891 -8487
-2546 -8485
3682 -8488
4744 -8490
5755 -8498
6495 -8473
-4818 -8502
1564 -8498
-4705 -8485
4744 -8488
3927 -8480
-416 -8484
-2546 -8491
34
1024 -8862
6803 -8868
3972 -8871
-5470 -8866
517 -8874
2406 -8872
-3401 -8878
517 -8877
-1549 -8883
-186 -8866
3557 -8883
-1549 -8885
-5470 -8862
2918 -8880
3575 -8872
-166 -8883
6803 -8864
1024 -8864
3972 -8868
-3401 -8877
3557 -8880
940 -8890
940 -8894
5601 -8894
2918 -8879
5601 -8886
2406 -8879
3575 -8871
6471 -8883
-166 -8878
-4402 -8890
6471 -8886
-4402 -8885
-186 -8874
36
5575 -6470
48 -6485
-4552 -6478
-869 -6478
-1196 -6463
-4104 -6490
-4943 -6498
5860 -6463
-2445 -6509
-4441 -6498
2207 -6488
-4552 -6470
-869 -6485
6084 -6509
6832 -6485
-2445 -6508
-4441 -6505
6832 -6482
3588 -6488
-4943 -6495
-1196 -6470
2207 -6485
48 -6490
5860 -6470
1892 -6501
5911 -6482
1892 -6496
-3491 -6505
3588 -6496
6084 -6501
5911 -6478
7121 -6478
5575 -6471
-4104 -6495
-3491 -6508
7121 -6471
38
31 -3706
31 -3699
-686 -3698
1772 -3697
1091 -3710
111 -3723
-807 -3707
-822 -3707
843 -3699
2121 -3691
1861 -3680
1091 -3703
253 -3695
-822 -3706
1861 -3678
2061 -3712
2007 -3723
2119 -3697
2119 -3703
2849 -3721
840 -3714
-807 -3714
-686 -3696
2007 -3721
1339 -3712
-416 -3678
1307 -3685
253 -3696
2061 -3710
111 -3722
1339 -3719
2121 -3685
840 -3722
2849 -3719
-416 -3695
843 -3698
1307 -3680
1772 -3691
38
2417 -5353
-879 -5373
4402 -5346
1818 -5353
3964 -5367
1863 -5344
-879 -5370
-4049 -5365
3898 -5362
-4049 -5370
4400 -5367
-4049 -5336
-4468 -5345
3898 -5364
4402 -5344
-5115 -5336
-3805 -5352
-3805 -5345
-2602 -5365
6643 -5362
4400 -5373
1818 -5352
2417 -5354
3964 -5364
1992 -5355
6797 -5352
-77 -5354
6797 -5346
-5115 -5342
1992 -5354
-3767 -5354
6643 -5355
1863 -5329
-4049 -5329
-3767 -5352
-77 -5358
-2602 -5358
-4468 -5342
40
4293 -7891
-3585 -7880
-1757 -7867
3723 -7858
-1757 -7865
3418 -7886
-374 -7904
5447 -7870
6746 -7876
5885 -7900
-2043 -7872
3267 -7886
-1131 -7861
-4656 -7896
5447 -7865
-152 -7880
4262 -7880
-3750 -7861
-1511 -7887
4222 -7904
4293 -7897
3942 -7876
-1131 -7865
887 -7872
4262 -7883
887 -7867
5885 -7897
3418 -7883
-4656 -7891
4222 -7900
3267 -7891
3942 -7880
-3585 -7875
-2043 -7875
3723 -7865
-374 -7896
6746 -7870
-152 -7887
-1511 -7891
-3750 -7858
42
7498 -3282
7284 -3282
6603 -3289
2090 -3299
7498 -3279
8035 -3323
3675 -3299
-4134 -3298
-6359 -3323
589 -3331
-3428 -3313
2523 -3306
6776 -3331
-1155 -3321
6603 -3294
3675 -3294
2192 -3314
-6189 -3324
-987 -3324
2677 -3323
-2739 -3318
-4134 -3279
2192 -3321
-1638 -3313
-1155 -3318
-2739 -3317
7284 -3289
8035 -3321
6776 -3333
-4454 -3306
-6189 -3323
6126 -3306
2090 -3302
2523 -3302
-987 -3331
-3428 -3317
2677 -3331
-4454 -3298
-1638 -3306
6126 -3314
-6359 -3321
589 -3333
44
1607 -2124
1607 -2123
2152 -2129
1708 -2102
4964 -2118
4964 -2114
1268 -2089
1268 -2094
-4179 -2110
-3480 -2120
307 -2101
1746 -2114
-2218 -2129
6274 -2129
4965 -2123
-1266 -2110
-2152 -2120
4443 -2102
-1266 -2111
-2218 -2133
-4270 -2133
3739 -2086
2805 -2107
2 -2119
-2037 -2117
-3740 -2101
2152 -2136
-3480 -2119
1708 -2094
-1090 -2123
4443 -2107
-3740 -2086
1746 -2112
4965 -2118
3739 -2089
-2152 -2123
307 -2109
-1090 -2129
6274 -2124
2805 -2112
-4270 -2136
-4179 -2109
-2037 -2111
2 -2117
46
3444 -5426
-504 -5465
-3056 -5471
2423 -5462
2090 -5455
1273 -5440
-3056 -5472
-2760 -5455
5619 -5424
2090 -5447
6867 -5470
-3289 -5480
2085 -5440
368 -5485
6867 -5465
-2760 -5452
-290 -5455
-2387 -5452
-290 -5458
1470 -5417
-4147 -5480
1470 -5424
2085 -5433
-4897 -5471
6082 -5470
-3289 -5485
6834 -5462
5619 -5426
6274 -5477
-2688 -5451
6274 -5484
-2387 -5451
4352 -5488
2423 -5465
-4897 -5469
6082 -5477
-2313 -5465
1273 -5447
-4147 -5472
-2688 -5417
368 -5488
-504 -5469
4352 -5484
-2313 -5458
3444 -5433
6834 -5455
48
2219 -5011
2219 -5014
2497 -5053
2420 -5011
-143 -5016
2705 -5019
2297 -5045
2441 -5045
510 -5070
1331 -5066
2445 -5037
1499 -5019
510 -5064
2148 -5058
895 -5009
142 -5053
2408 -5032
2497 -5058
-799 -5049
-226 -5010
2445 -5032
-799 -5047
-503 -5031
-143 -5023
52 -5053
-514 -5039
2408 -5024
-490 -5064
-514 -5031
895 -5005
2148 -5061
-278 -5009
2164 -5070
2420 -5005
142 -5049
-490 -5059
-518 -5047
1499 -5024
52 -5059
2705 -5014
-518 -5039
-503 -5023
2164 -5066
-226 -5016
2297 -5053
-278 -5010
2441 -5037
1331 -5061
50
-3728 -8572
2699 -8587
-1236 -8598
932 -8602
-1236 -8593
-2854 -8603
-2051 -8578
-2854 -8605
3631 -8606
5345 -8564
-1208 -8605
-2051 -8572
5345 -8559
1029 -8598
4179 -8564
-3590 -8585
2237 -8587
-1891 -8615
-3728 -8571
-3590 -8578
2699 -8579
3631 -8611
710 -8598
1785 -8593
-329 -8571
5942 -8615
3511 -8595
1029 -8606
3240 -8593
238 -8557
345 -8593
4179 -8566
710 -8602
2237 -8589
238 -8564
1721 -8559
-1891 -8613
5942 -8611
-1208 -8613
4655 -8579
932 -8603
3511 -8598
4058 -8573
1721 -8557
345 -8585
1785 -8589
-329 -8564
3240 -8595
4058 -8566
4655 -8573
0