45
2 -1 5 7 -4
99 -1 -1 4 0
-999 999 -999 999 999
-999 -999 999 999 999
199 -199 0 100 -99
1 2 3 4 5
0 0 0 1 0
-999 -999 799 999 999
-999 -999 599 999 999
-999 -999 399 999 999
-999 -999 199 999 999
-999 -999 99 999 999
-999 -999 59 999 999
-999 -999 29 999 999
-999 -999 19 999 999
-999 -999 14 999 999
-999 -999 11 999 999
-999 -999 10 999 999
-999 999 10 -999 999
326 -92 808 -328 -640
251 -203 -381 571 323
18 241 -467 404 -162
862 93 -789 -202 102
592 430 -606 -582 244
-994 841 135 146 -58
-507 -599 318 184 633
384 -583 850 185 -691
205 689 -744 -972 895
-683 -376 55 125 902
631 -895 494 208 -316
951 -316 308 -55 -787
103 -582 667 127 -289
735 -742 672 -750 214
-51 -515 954 -100 -103
287 241 -379 -940 907
395 -571 740 -49 -495
643 -467 -611 157 344
612 -177 -440 -621 808
360 -415 312 684 -746
875 -937 -944 908 111
-785 -236 525 -29 600
-16 722 -499 -967 867
431 -870 785 278 -542
-1 -1 999 1 1
99 104 114 105 115
